0101111110001011
0110101000101000
0110101000101000
0110101000101000
0101111110001011
0101010011101111
0101011110010110
0101111110001011
0110101000101000
0101111110001011
0101010011101111
0101111110001011
0110101000101000
0110000110101011
0110001010111010
0110010011011010
0101011110010110
0101111110001011
0110101000101000
0101111110001011
0101010011101111
0101111110001011
0110101000101000
0101111110001011
0101010011101111
0101011110010110
0101111110001011
0110101000101000
0101111110001011
0101010011101111
0101111110001011
0110101000101000
0101111110001011
0011111110110111
0100101001010011
0101011110010110
0101110101101100
0110100000001001
0110101000101000
0110100000001001
0110100000001001
0101111110001011
0101010011101111
0101011110010110
0101111110001011
0110101000101000
0101111110001011
0101010011101111
0101111110001011
0110101000101000
0101111110001011
0101101000111101
0110010011011010
0110101000101000
0101101000111101
0101011110010110
0110001111001010
0111111101100000
0111011011100011
0111010011000100
0111010011000100
0111000110010101
0101100100101110
0101010011101111
0101011110010110
0101111110001011
0110101000101000
0101101000111101
0101010011101111
0101101101001101
0110101000101000
0101100000011110
0101011110010110
0110111101110110
0111111101100000
0101111110001011
0101010011101111
0101011110010110
0101111110001011
0110101000101000
0101111110001011
0101010011101111
0101111110001011
0110101000101000
0101111110001011
0101101000111101
0110010011011010
0110101000101000
0101101000111101
0101011110010110
0110001111001010
0111111101100000
0111011011100011
0111010011000100
0111010011000100
0111000110010101
0101100100101110
0101010011101111
0101011110010110
0101111110001011
0110101000101000
0101111110001011
0101010011101111
0101011110010110
0101111110001011
0110101000101000
0101111110001011
0101010011101111
0101111110001011
0110101000101000
0110000110101011
0110001010111010
0110010011011010
0101011110010110
0101111110001011
0110101000101000
0101111110001011
0101010011101111
0101111110001011
0110101000101000
0101111110001011
0101010011101111
0101011110010110
0101111110001011
0110101000101000
0110101000101000
0110000110101011
0101100100101110
0101010011101111
0101011100001110
0101010011101111
0101010011101111
0101011110010110
0101010011101111
0101001001001000
0101001001001000
0101001001001000
0101001001001000
0100111110100001
0010101001111110
0000010101011011
0000101010101001
0001010101000110
0001010101000110
0001010101000110
0000101010101001
0000000000001101
0000001010110100
0000101010101001
0001010101000110
0000101010101001
0000000000001101
0000101010101001
0001010101000110
0000110011001000
0000110111011000
0000111111110111
0000001010110100
0001101010010100
0010101001111110
0000101010101001
0000000000001101
0000001010110100
0000101010101001
0001010101000110
0000101010101001
0000000000001101
0000001010110100
0000101010101001
0001010101000110
0000101010101001
0000000000001101
0000101010101001
0001010101000110
0000101010101001
0000000000001101
0000001010110100
0000001010110100
0000001010110100
0000101010101001
0001010101000110
0001010101000110
0001010101000110
0000101010101001
0000000000001101
0000001010110100
0000101010101001
0001010101000110
0000101010101001
0000000000001101
0000001010110100
0000101010101001
0001010101000110
0000101010101001
0000000000001101
0000101010101001
0001010101000110
0000101010101001
0000000000001101
0000001010110100
0000101010101001
0001010101000110
0000101010101001
0000000000001101
0000101010101001
0001010101000110
0000101010101001
0000010101011011
0000111111110111
0001010101000110
0000010101011011
0000001010110100
0000000000001101
1111110101100110
1111110101100110
1111110101100110
1111110101100110
1111101010111111
1101010110011100
1011000001111001
1100010110110001
1101010110011100
1011010111000111
1010101100101011
1010110111010010
1011010111000111
1100000001100011
1011010111000111
1010101100101011
1011010111000111
1100000001100011
1011011111100110
1011100011110110
1011101100010101
1010110111010010
1011010111000111
1100000001100011
1011010111000111
1010101100101011
1010110111010010
1011010111000111
1100000001100011
1100000001100011
1100000001100011
1011010111000111
1010101100101011
1010110111010010
1010110111010010
1010110111010010
1011010111000111
1100000001100011
1011010111000111
1010101100101011
1011010111000111
1100000001100011
1011010111000111
1001010111110010
1010000010001110
1010110111010010
1011010111000111
1100000001100011
1011010111000111
1010101100101011
1010110111010010
1100010110110001
1101010110011100
1011010111000111
1010101100101011
1010110111010010
1100010110110001
1101010110011100
1011010111000111
1010101100101011
1010110111010010
1011010111000111
1100000001100011
1011010111000111
1010101100101011
1010110111010010
1011010111000111
1100000001100011
1011010111000111
1010101100101011
1011010111000111
1100000001100011
1011011111100110
1011100011110110
1011101100010101
1010110111010010
1011010111000111
1100000001100011
1011010111000111
1010101100101011
1010110101001010
1010111101101001
1010010111011101
1001010111110010
1010000010001110
1010110111010010
1010101100101011
1010100010000100
1010100010000100
1010100010000100
1010100010000100
1010010111011101
1101010110011100
0000010101011011
1010101010101010
1010101010101010
1010101010101010
1010101010101010
1010101010101010
1010101010101010
1010101010101010
1010101010101010
1010101010101010
1010101010101010
1010101010101010
1010101010101010
1010101010101010
1010101010101010
1010101010101010
1010101010101010
1010101010101010
1010101010101010
1010101010101010
1010101010101010
1010101010101010
1010101010101010
1010101010101010
1010101010101010
1010101010101010
1010101010101010
1010101010101010
1010101010101010
1010101010101010
1010101010101010
1010101010101010
1010101010101010
1010101010101010
1010101010101010
1010101010101010
1010101010101010
1010101010101010
1010101010101010
1010101010101010
1010101010101010
1010101010101010
1010101010101010
1010101010101010
1010101010101010
1010101010101010
1010101010101010
1010101010101010
1010101010101010
1010101010101010
1010101010101010
1010101010101010
1010101010101010
1010101010101010
1010101010101010
1010101010101010
1010101010101010
1010101010101010
1010101010101010
1010101010101010
1010101010101010
1010101010101010
1010101010101010
1010101010101010
1010101010101010
1010101010101010
1010101010101010
1010101010101010
1010101010101010
1010101010101010
1010101010101010
1010101010101010
1010101010101010
1010101010101010
1010101010101010
1010101010101010
1010101010101010
1010101010101010
1010101010101010
1010101010101010
1010101010101010
1010101010101010
1010101010101010
1010101010101010
1010101010101010
1010101010101010
1010101010101010
1010101010101010
1010101010101010
1010101010101010
1010101010101010
1010101010101010
1010101010101010
1010101010101010
1010101010101010
1010101010101010
1010101010101010
1010101010101010
1010101010101010
1010101010101010
1010101010101010
1010101010101010
1010101010101010
1010101010101010
1010101010101010
1010101010101010
1010101010101010
1010101010101010
1010101010101010
1010101010101010
1010101010101010
1010101010101010
1010101010101010
1010101010101010
1010101010101010
1010101010101010
1010101010101010
1010101010101010
1010101010101010
1010101010101010
1010101010101010
1010101010101010
1010101010101010
1010101010101010
1010101010101010
1010101010101010
1010101010101010
1010101010101010
1010101010101010
1010101010101010
1010101010101010
1010101010101010
1010101010101010
1010101010101010
1010101010101010
1010101010101010
1010101010101010
1010101010101010
1010101010101010
1010101010101010
1010101010101010
1010101010101010
1010101010101010
1010101010101010
1010101010101010
1010101010101010
1010101010101010
1010101010101010
1010101010101010
1010101010101010
1010101010101010
1010101010101010
1010101010101010
1010101010101010
1010101010101010
1010101010101010
1010101010101010
1010101010101010
1010101010101010
1010101010101010
1010101010101010
1010101010101010
1010101010101010
1010101010101010
1010101010101010
1010101010101010
1010101010101010
1010101010101010
1010101010101010
1010101010101010
1010101010101010
1010101010101010
1010101010101010
1010101010101010
1010101010101010
1010101010101010
1010101010101010
1010101010101010
1010101010101010
1010101010101010
1010101010101010
1010101010101010
1010101010101010
1010101010101010
1010101010101010
1010101010101010
1010101010101010
1010101010101010
1010101010101010
1010101010101010
1010101010101010
1010101010101010
1010101010101010
1010101010101010
1010101010101010
1010101010101010
1010101010101010
1010101010101010
1010101010101010
1010101010101010
1010101010101010
1010101010101010
1010101010101010
1010101010101010
1010101010101010
1010101010101010