0101111101111111
0110101000011111
0110101000011111
0110101000011111
0101111101111111
0101010011011111
0101011110000111
0101111101111111
0110101000011111
0101111101111111
0101010011011111
0101111101111111
0110101000011111
0110000110011111
0110001010101111
0110010011001111
0101011110000111
0101111101111111
0110101000011111
0101111101111111
0101010011011111
0101111101111111
0110101000011111
0101111101111111
0101010011011111
0101011110000111
0101111101111111
0110101000011111
0101111101111111
0101010011011111
0101111101111111
0110101000011111
0101111101111111
0011111110011110
0100101000111110
0101011110000111
0101110101011111
0110011111111111
0110101000011111
0110011111111111
0110011111111111
0101111101111111
0101010011011111
0101011110000111
0101111101111111
0110101000011111
0101111101111111
0101010011011111
0101111101111111
0110101000011111
0101111101111111
0101101000101111
0110010011001111
0110101000011111
0101101000101111
0101011110000111
0110001110111111
0111111101100000
0111011011100000
0111010011000000
0111010011000000
0111000110010000
0101100100011111
0101010011011111
0101011110000111
0101111101111111
0110101000011111
0101101000101111
0101010011011111
0101101100111111
0110101000011111
0101100000001111
0101011110000111
0110111101110000
0111111101100000
0101111101111111
0101010011011111
0101011110000111
0101111101111111
0110101000011111
0101111101111111
0101010011011111
0101111101111111
0110101000011111
0101111101111111
0101101000101111
0110010011001111
0110101000011111
0101101000101111
0101011110000111
0110001110111111
0111111101100000
0111011011100000
0111010011000000
0111010011000000
0111000110010000
0101100100011111
0101010011011111
0101011110000111
0101111101111111
0110101000011111
0101111101111111
0101010011011111
0101011110000111
0101111101111111
0110101000011111
0101111101111111
0101010011011111
0101111101111111
0110101000011111
0110000110011111
0110001010101111
0110010011001111
0101011110000111
0101111101111111
0110101000011111
0101111101111111
0101010011011111
0101111101111111
0110101000011111
0101111101111111
0101010011011111
0101011110000111
0101111101111111
0110101000011111
0110101000011111
0110000110011111
0101100100011111
0101010011011111
0101011011111111
0101010011011111
0101010011011111
0101011110000111
0101010011011111
0101001000110111
0101001000110111
0101001000110111
0101001000110111
0100111110001111
0010101001011101
0000010100101100
0000101001111100
0001010100011101
0001010100011101
0001010100011101
0000101001111100
1111111111011100
0000001010000100
0000101001111100
0001010100011101
0000101001111100
1111111111011100
0000101001111100
0001010100011101
0000110010011101
0000110110101101
0000111111001101
0000001010000100
0000100001011100
0001001011111101
0001010100011101
0001001011111101
0001001011111101
0000101001111100
1111111111011100
0000001010000100
0000100001011100
0000101001111100
0000111111001101
0001010100011101
0000101001111100
1111111111011100
0000001010000100
0000101001111100
0001010100011101
0000101001111100
1111111111011100
0000101001111100
0001010100011101
0000101001111100
1111111111011100
0000001010000100
0000111010111101
0010101001011101
0010000111011101
0001111110111101
0001111110111101
0001110010001101
0000010000011100
1111111111011100
0000001010000100
0000101001111100
0001010100011101
0000101001111100
1111111111011100
0000001010000100
0000101001111100
0001010100011101
0000101001111100
1111111111011100
0000101001111100
0001010100011101
0000101001111100
1111111111011100
0000001010000100
0000001010000100
0000001010000100
0001010100011101
0010101001011101
0000101001111100
1111111111011100
0000101001111100
0001010100011101
0000010100101100
1111111111011100
0000001010000100
0000101001111100
0001010100011101
0000101001111100
1111111111011100
0000101001111100
0001010100011101
0000101001111100
0000010100101100
0000111111001101
0001010100011101
0000010100101100
0000001010000100
0000100001011100
0001001011111101
0001010100011101
0001001011111101
0001001011111101
0000101001111100
1111111111011100
0000001010000100
0000101001111100
0001010100011101
0000101001111100
1111111111011100
0000101001111100
0001010100011101
0000101001111100
1111111111011100
0000101001111100
0001010100011101
0000101001111100
1111111111011100
0000001010000100
0000101001111100
0001010100011101
0000101001111100
1111111111011100
0000101001111100
0001010100011101
0000101001111100
0000010100101100
0000111111001101
0001010100011101
0000010100101100
0000001010000100
0000101001111100
0001010100011101
0000101001111100
1111111111011100
0000101001111100
0001010100011101
0000101001111100
1111111111011100
0000001010000100
1111111111011100
1111110100110100
1111110100110100
1111110100110100
1111110100110100
1111101010001100
1101010101011011
1011000000101010
1100000000011010
1010101011011001
1011110111111010
1100000000011010
1011110111111010
1011101111011010
1010110011111010
1010110110000010
1011010101111010
1100000000011010
1011010101111010
1010101011011001
1010110110000010
1011010101111010
1100000000011010
1011010101111010
1010101011011001
1011010101111010
1100000000011010
1011010101111010
1010101011011001
1010110110000010
1011010101111010
1100000000011010
1100000000011010
1100000000011010
1011010101111010
1010101011011001
1010110110000010
1011001101011010
1011010101111010
1011101011001010
1100000000011010
1011010101111010
1010101011011001
1010110110000010
1011010101111010
1100000000011010
1011010101111010
1010101011011001
1011010101111010
1100000000011010
1011010101111010
1010101011011001
1010110110000010
1011100110111010
1101010101011011
1100110011011011
1100101010111010
1100101010111010
1100011110001010
1010111100011010
1010101011011001
1010110110000010
1010110110000010
1010110110000010
1100000000011010
1101010101011011
1011010101111010
1010101011011001
1011010101111010
1100000000011010
1011000000101010
1010101011011001
1010110110000010
1011010101111010
1100000000011010
1011010101111010
1010101011011001
1011010101111010
1100000000011010
1011011110011010
1011100010101010
1011101011001010
1010110110000010
1011010101111010
1100000000011010
1011010101111010
1010101011011001
1011010101111010
1100000000011010
1011010101111010
1010101011011001
1010110110000010
1011100110111010
1101010101011011
1100110011011011
1100101010111010
1100101010111010
1100011110001010
1010111100011010
1010101011011001
1010110110000010
1011001101011010
1011010101111010
1011101011001010
1100000000011010
1011010101111010
1010101011011001
1010110110000010
1011010101111010
1100000000011010
1011010101111010
1010101011011001
1011010101111010
1100000000011010
1011010101111010
1010101011011001
1011010101111010
1100000000011010
1011010101111010
1010101011011001
1010110110000010
1011010101111010
1100000000011010
1011010101111010
1010101011011001
1011001101011010
1011101011001010
1100000000011010
1010000000111001
1001010110011001
1010101011011001
1010101011011001
1010110110000010
1011001101011010
1011010101111010
1011101011001010
1100000000011010
1011010101111010
1010101011011001
1010110110000010
1100010101101010
1101010101011011
1011010101111010
1010101011011001
1010110110000010
1100010101101010
1101010101011011
1011010101111010
1010101011011001
1010110110000010
1011010101111010
1100000000011010
1011010101111010
1010101011011001
1010110110000010
1010101011011001
1010100000110001
1010100000110001
1010100000110001
1010100000110001
1010010110001001
1101010101011011
0000010100101100
1010101010101010
1010101010101010
1010101010101010
1010101010101010
1010101010101010
1010101010101010
1010101010101010
1010101010101010
1010101010101010
1010101010101010
1010101010101010
1010101010101010
1010101010101010
1010101010101010
1010101010101010
1010101010101010
1010101010101010
1010101010101010
1010101010101010
1010101010101010
1010101010101010
1010101010101010
1010101010101010
1010101010101010
1010101010101010
1010101010101010
1010101010101010
1010101010101010
1010101010101010
1010101010101010
1010101010101010
1010101010101010
1010101010101010
1010101010101010
1010101010101010
1010101010101010
1010101010101010
1010101010101010
1010101010101010
1010101010101010
1010101010101010
1010101010101010
1010101010101010
1010101010101010
1010101010101010
1010101010101010
1010101010101010
1010101010101010
1010101010101010
1010101010101010
1010101010101010
1010101010101010
1010101010101010
1010101010101010
1010101010101010
1010101010101010
1010101010101010
1010101010101010
1010101010101010
1010101010101010
1010101010101010
1010101010101010
1010101010101010
1010101010101010
1010101010101010
1010101010101010
1010101010101010
1010101010101010
1010101010101010
1010101010101010
1010101010101010
1010101010101010
1010101010101010
1010101010101010
1010101010101010
1010101010101010
1010101010101010
1010101010101010
1010101010101010