1001000110000110
1001100011111101
1001110111110111
1001100011111101
1001000110000110
1001010000000011
1001101011011010
1001110111110111
1010010101101101
1010011111101010
1010000001110100
1001110111110111
1010010101101101
1010011111101010
1010010010101110
1010100000101010
1010011101001011
1010101001100111
1010111101100001
1010111101100001
1010110011100100
1010111101100001
1011010001011011
1011010001011011
1011000111011110
1011001110111100
1011011011011000
1011111001001111
1100000011001100
1011100101010101
1011011011011000
1011111001001111
1100000011001100
1011100001010110
1011011011011000
1100000000101101
1100001101001001
1100011101000100
1100011011000101
1100011101000100
1100110100111101
1100101100111111
1100100011000010
1100110010011110
1100111110111010
1101011100110001
1101100110101110
1101001000110111
1100111110111010
1101011100110001
1101100110101110
1101011111110000
1101101011101100
1101110000101011
1101100001101111
1101100100001110
1110001000100011
1110100010011011
1110011010011110
1110001100100010
1110100100011011
1110010111011111
1110000010100101
1110001010100011
1110010101111111
1110100010011011
1110101100011000
1110011101011101
1110101100011000
1111000010010010
1111010000001101
1110111111010011
1111000111110000
0000000000111110
0000000000111110
1111100010001000
1111101000000110
1111111001100001
0000000101111101
0000100011110100
0000101101110001
0000001111111010
0000000101111101
0000100011110100
0000101101110001
0000100110110011
0000110010101111
0000110111101110
0000101000110010
0000101011010010
0001001111100110
0001101001011111
0001100001100001
0001010011100101
0001101011011110
0001011110100010
0001001001101000
0001010001100110
0001011101000010
0001111001011010
0010000111010101
0001111101011000
0001111101011000
0010001110110011
0010011011001111
0010111001000110
0011000011000011
0010100101001100
0010011011001111
0010111001000110
0011000011000011
0010110110000111
0011000100000011
0011000000100100
0011001101000000
0011100000111010
0011100000111010
0011010110111101
0011100000111010
0011110100110100
0011110100110100
0011101010110111
0011110010010101
0100001110101100
0100101100100011
0100101100100011
0100101000100100
0100100000100111
0100010000101011
0100010010101011
0100011000101001
0100011100101000
0100100100000101
0100110001010111
0100110001010111
0011100101101001
0010011001111010
1011010011100101
1001000011101101
1000111100001001
1000111100001001
1001000110000110
1001100011111101
1001110111110111
1001100011111101
1001000110000110
1001010000000011
1001101011011010
1001110111110111
1010010101101101
1010011111101010
1010000001110100
1001110111110111
1010010101101101
1010011111101010
1010010010101110
1010100000101010
1010011101001011
1010101001100111
1010111001100011
1010110111100011
1010111001100011
1011010001011011
1011001001011110
1010111111100001
1011001110111100
1011011001011001
1011101111010010
1100001000001010
1011111001001111
1011011011011000
1011100101010101
1100000000101101
1100001101001001
1100100001000011
1100100001000011
1100010111000110
1100100001000011
1100110100111101
1100110100111101
1100101011000000
1100110010011110
1101010110110010
1101110000101011
1101101000101101
1101011010110001
1101110010101010
1101100101101110
1101010000110100
1101011000110010
1101100100001110
1110000000100110
1110001110100001
1110000100100100
1110000100100100
1110010101111111
1110100010011011
1110110110010101
1110110110010101
1110101100011000
1110110110010101
1111001010001111
1111001010001111
1111000000010010
1111000111110000
1111100000101000
1111111001100001
0000011111110101
0000101000110010
0000000101111101
0000001111111010
0000101101110001
0000100011110100
0000000000111110
0000001111111010
0000101011010010
0000110111101110
0001010101100101
0001011111100010
0001000001101011
0000110111101110
0001010101100101
0001011111100010
0001011000100100
0001100100100000
0001101001011111
0001011010100011
0001011101000010
0001101001011111
0001111001011010
0001110111011010
0001111001011010
0010010001010010
0010001001010101
0001111111011000
0010001110110011
0010011011001111
0010101011001010
0010101000011000
0010011110011011
0010101000011000
0010111001000110
0010110101100001
0010101011100100
0010110101100001
0011000111000010
0011000011000011
0010111001000110
0011000000100100
0011001101000000
0011101010110111
0011110100110100
0011010110111101
0011001101000000
0011101010110111
0011110100110100
0011101101110110
0011111001110010
0011111110110001
0011101111110101
0011110010010101
0011111110110001
0100010010101011
0100010010101011
0100001000101110
0100010010101011
0100100110100101
0100100110100101
0100011100101000
0100100100000101
0100110001010111
0100110001010111
0011100101101001
0010011001111010
1011010011100101
1001000011101101
1000111100001001
1000111100001001
1001010000000011
1001010000000011
1001110101110111
1001110011111000
1001110001111000
1001110011111000
1001100101111100
1001101011011010
1010000111110010
1010010101101101
1010001011110001
1010001011110001
1010011101001011
1010101001100111
1010111101100001
1010111101100001
1010110011100100
1010111101100001
1011010001011011
1011010001011011
1011000111011110
1011001110111100
1011011011011000
1011111001001111
1100001101001001
1011111001001111
1011011011011000
1011100101010101
1100000000101101
1100001011001010
1100100001000011
1100111001111011
1100101011000000
1100001101001001
1100010111000110
1100110010011110
1100111110111010
1101010010110100
1101010010110100
1101001000110111
1101010010110100
1101100110101110
1101100110101110
1101011100110001
1101100100001110
1110001000100011
1110100010011011
1110011010011110
1110001100100010
1110100100011011
1110010111011111
1110000010100101
1110001010100011
1110010101111111
1110101110111000
1111000111110000
1111101110000100
1111110111000001
1111010100001100
1111011110001001
1111111100000000
1111110010000011
1111001111001110
1111011110001001
1111111001100001
0000000101111101
0000100011110100
0000101101110001
0000001111111010
0000000101111101
0000100011110100
0000101101110001
0000100000110101
0000101110110000
0000101011010010
0000110111101110
0001001011101000
0001001011101000
0001000001101011
0001001011101000
0001011111100010
0001011111100010
0001010101100101
0001011101000010
0010000001010111
0010011011001111
0010010011010010
0010000101010110
0010011101001111
0010010000010011
0001111011011001
0010000011010111
0010001110110011
0010011001010000
0010101111001001
0011001000000010
0010111001000110
0010011011001111
0010100101001100
0011000000100100
0011001101000000
0011011100111011
0011011010001001
0011010000001100
0011011010001001
0011101010110111
0011100111010010
0011011101010101
0011100111010010
0011111000110011
0011110100110100
0011101010110111
0011110010010101
0011111110110001
0100011100101000
0100100110100101
0100001000101110
0011111100110001
0100000011101111
0100001000101110
0011101010110111
0011100000111010
0011111000110011
0100001000101110
0100100100000101
0100101110100010
0101000100011100
0101011101010100
0101001110011001
0100110000100010
0100111010011111
0101010101110110
0110001111000101
0110001111000101
0101110000001110
0101110110001100
0110000111100111
0111000000110110
0111000000110110
0110100001111111
0110100111111101
0110111001011000
0111010101101111
0111100011101011
0111011001101110
0111011001101110
0111101011001001
0111111000011010
0111111000011010
0110011000110010
0100111001001010
1011111011011001
1001000101101101
1000111100001001
1000111100001001
0101010101010101
0101010101010101
0101010101010101
0101010101010101
0101010101010101
0101010101010101
0101010101010101
0101010101010101
0101010101010101
0101010101010101
0101010101010101
0101010101010101
0101010101010101
0101010101010101
0101010101010101
0101010101010101
0101010101010101
0101010101010101
0101010101010101
0101010101010101
0101010101010101
0101010101010101
0101010101010101
0101010101010101
0101010101010101
0101010101010101
0101010101010101
0101010101010101
0101010101010101
0101010101010101
0101010101010101
0101010101010101
0101010101010101
0101010101010101
0101010101010101
0101010101010101
0101010101010101
0101010101010101
0101010101010101
0101010101010101
0101010101010101
0101010101010101
0101010101010101
0101010101010101
0101010101010101
0101010101010101
0101010101010101
0101010101010101
0101010101010101
0101010101010101
0101010101010101
0101010101010101
0101010101010101
0101010101010101
0101010101010101
0101010101010101
0101010101010101
0101010101010101
0101010101010101
0101010101010101
0101010101010101
0101010101010101
0101010101010101
0101010101010101
0101010101010101
0101010101010101
0101010101010101
0101010101010101
0101010101010101
0101010101010101
0101010101010101
0101010101010101
0101010101010101
0101010101010101
0101010101010101
0101010101010101
0101010101010101
0101010101010101
0101010101010101