1001010101011111
1001111010101011
1010010011011110
1001111010101011
1001010101011111
1001100001111000
1010000011111110
1010010011011110
1010111000101011
1011000101000100
1010011111111000
1010010011011110
1010111000101011
1011000101000100
1010110100111101
1011000110010011
1011000001111110
1011010001011110
1011101010010000
1011101010010000
1011011101110111
1011101010010000
1100000011000011
1100000011000011
1011110110101010
1011111111111101
1100001111011101
1100110100101001
1101000001000011
1100011011110110
1100001111011101
1100110100101001
1101000001000011
1100010110111001
1100001111011101
1100111101111100
1101001101011100
1101100001010010
1101011110110011
1101100001010010
1101111111000010
1101110101000111
1101101000101110
1101111011111100
1110001011011011
1110110000101000
1110111101000001
1110010111110101
1110001011011011
1110110000101000
1110111101000001
1110110100010110
1111000011001110
1111001001011011
1110110110110101
1110111001111011
1111100111001011
0000000111011010
1111111101011111
1111101100001001
0000001001111001
1111111001110001
1111011111101111
1111101001101010
1111110111111010
0000000111011010
0000010011110100
0000000001001101
0000010011110100
0000101111000101
0001000000011100
0000101011010111
0000110101111010
0001111101001100
0001111101001100
0001010110110000
0001011110001100
0001110011111001
0010000011011001
0010101000100101
0010110100111111
0010001111110010
0010000011011001
0010101000100101
0010110100111111
0010101100010011
0010111011001011
0011000001011000
0010101110110010
0010110001111000
0011011111001000
0011111111010111
0011110101011101
0011100100000110
0100000001110110
0011110001101111
0011010111101100
0011100001100111
0011101111111000
0100010011001101
0100100100100100
0100011000001010
0100011000001010
0100101101110111
0100111101010111
0101100010100011
0101101110111101
0101001001110000
0100111101010111
0101100010100011
0101101110111101
0101011110110101
0101110000001100
0101101011110110
0101111011010110
0110010100001001
0110010100001001
0110000111110000
0110010100001001
0110101100111100
0110101100111100
0110100000100010
0110101001110110
0111001101001011
0111110010010111
0111110010010111
0111101101011010
0111100011011111
0111001111101010
0111010010001000
0111011001100100
0111011110100010
0111100111110101
0111111000010111
0111111000010111
0110011010000010
0100111011101101
1100000101101111
1001010010100001
1001001001000101
1001001001000101
1001010101011111
1001111010101011
1010000111000101
1001100001111000
1001010101011111
1001111010101011
1010000111000101
1001111110011001
1010001101010001
1010101100010001
1010000000111000
1010000011111110
1010010011011110
1010111000101011
1011000101000100
1010011111111000
1010010011011110
1010111000101011
1011000101000100
1010111100011001
1011001011010001
1011010001011110
1010111110110111
1011000001111110
1011010001011110
1011101010010000
1011101010010000
1011011101110111
1011101010010000
1100000011000011
1100000011000011
1011110110101010
1011111111111101
1100100011010010
1100110100101001
1100101000010000
1100101000010000
1100111101111100
1101001010111101
1101100110001111
1110000101001111
1101110010101001
1101001101011100
1101011001110110
1101111011111100
1111000011001110
1111000011001110
1110011100110010
1110100100001110
1110111001111011
1111011000111011
1111110111111010
0000000111011010
0000101100100111
0001000101011001
0000101100100111
0000000111011010
0000010011110100
0000110101111010
0001000101011001
0001101010100110
0001110110111111
0001010001110011
0001000101011001
0001101010100110
0001110110111111
0001101110010100
0001111101001100
0010000011011001
0001110000110011
0001110011111001
0010000011011001
0010010111001110
0010010100110000
0010010111001110
0010110100111111
0010101011000100
0010011110101010
0010110001111000
0011000001011000
0011010101001110
0011010010101111
0011010101001110
0011110010111110
0011101001000011
0011011100101010
0011101111111000
0011111111010111
0100100100100100
0100110000111101
0100001011110001
0011111111010111
0100100100100100
0100110000111101
0100100000110110
0100110010001101
0100101101110111
0100111101010111
0101010110001010
0101010110001010
0101001001110000
0101010110001010
0101101110111101
0101101110111101
0101100010100011
0101101011110110
0101111100011000
0101111100011000
0100101010011101
0011011000100001
1011101100111100
1001010001010010
1001001001000101
1001001001000101
1001010101011111
1001101110010010
1001101110010010
1001011111011010
1001111010101011
1010010001000000
1010000111000101
1001101110010010
1001101110010010
1010000011111110
1010010011011110
1010111000101011
1011000101000100
1010011111111000
1010010011011110
1010111000101011
1011000101000100
1010111100011001
1011001011010001
1011010001011110
1010111110110111
1011000001111110
1011011101110111
1011011101110111
1100001100111110
1100001010011111
1100001000000001
1100001010011111
1011111001001001
1011111111111101
1100100011010010
1100110100101001
1100101000010000
1100101000010000
1100111101111100
1101001010111101
1101100110001111
1110000101001111
1101110010101001
1101001101011100
1101011001110110
1101111011111100
1110001011011011
1110011111010001
1110011100110010
1110011111010001
1110111101000001
1110110011000111
1110100110101101
1110111001111011
1111011000111011
1111110111111010
0000011011010000
0001000000011100
0001000000011100
0000111011011111
0000110001100100
0000011101101110
0000100000001101
0000100111101001
0000101100100111
0000110101111010
0001000101011001
0001101010100110
0001110110111111
0001010001110011
0001000101011001
0001101010100110
0001110110111111
0001101110010100
0001111101001100
0010000011011001
0001110000110011
0001110011111001
0010111011001011
0010111011001011
0010010100110000
0010011100001100
0010110001111000
0011000001011000
0011100110100101
0011110010111110
0011001101110010
0011000001011000
0011100110100101
0011110010111110
0011101010010011
0011111001001011
0011111111010111
0011101100110001
0011101111111000
0011111111010111
0100010011001101
0100001111101111
0100000011010101
0100001111101111
0100100100100100
0100100000000110
0100010011101101
0100100000000110
0100110101111011
0100110000111101
0100100100100100
0100101101110111
0101010001001100
0101100010100011
0101010110001010
0101010110001010
0101101011110110
0101111011010110
0110010100001001
0110010100001001
0110000111110000
0110010100001001
0110101100111100
0110101100111100
0110100000100010
0110101001110110
0110111010011000
0110111010011000
0101100010001111
0100001010000111
1011111001010110
1001010001111001
1001001001000101
1001001001000101
0101010101010101
0101010101010101
0101010101010101
0101010101010101
0101010101010101
0101010101010101
0101010101010101
0101010101010101
0101010101010101
0101010101010101
0101010101010101
0101010101010101
0101010101010101
0101010101010101
0101010101010101
0101010101010101
0101010101010101
0101010101010101
0101010101010101
0101010101010101
0101010101010101
0101010101010101
0101010101010101
0101010101010101
0101010101010101
0101010101010101
0101010101010101
0101010101010101
0101010101010101
0101010101010101
0101010101010101
0101010101010101
0101010101010101
0101010101010101
0101010101010101
0101010101010101
0101010101010101
0101010101010101
0101010101010101
0101010101010101
0101010101010101
0101010101010101
0101010101010101
0101010101010101
0101010101010101
0101010101010101
0101010101010101
0101010101010101
0101010101010101
0101010101010101
0101010101010101
0101010101010101
0101010101010101
0101010101010101
0101010101010101
0101010101010101
0101010101010101
0101010101010101
0101010101010101
0101010101010101
0101010101010101
0101010101010101
0101010101010101
0101010101010101
0101010101010101
0101010101010101
0101010101010101
0101010101010101
0101010101010101
0101010101010101
0101010101010101
0101010101010101
0101010101010101
0101010101010101
0101010101010101
0101010101010101
0101010101010101
0101010101010101
0101010101010101
0101010101010101
0101010101010101
0101010101010101
0101010101010101
0101010101010101
0101010101010101
0101010101010101
0101010101010101
0101010101010101
0101010101010101
0101010101010101
0101010101010101
0101010101010101
0101010101010101
0101010101010101
0101010101010101
0101010101010101
0101010101010101
0101010101010101
0101010101010101
0101010101010101
0101010101010101
0101010101010101
0101010101010101
0101010101010101
0101010101010101
0101010101010101
0101010101010101
0101010101010101
0101010101010101
0101010101010101
0101010101010101
0101010101010101
0101010101010101
0101010101010101
0101010101010101
0101010101010101
0101010101010101
0101010101010101
0101010101010101
0101010101010101
0101010101010101
0101010101010101
0101010101010101
0101010101010101
0101010101010101
0101010101010101
0101010101010101
0101010101010101
0101010101010101
0101010101010101
0101010101010101