1001010101011111
1001111010101011
1010010011011110
1001111010101011
1001010101011111
1001100001111000
1010000011111110
1010010011011110
1010111000101011
1011000101000100
1010011111111000
1010010011011110
1010111000101011
1011000101000100
1010110100111101
1011000110010011
1011000001111110
1011010001011110
1011101010010000
1011101010010000
1011011101110111
1011101010010000
1100000011000011
1100000011000011
1011110110101010
1011111111111101
1100001111011101
1100110100101001
1101000001000011
1100011011110110
1100001111011101
1100110100101001
1101000001000011
1100010110111001
1100001111011101
1100111101111100
1101001101011100
1101100001010010
1101011110110011
1101100001010010
1101111111000010
1101110101000111
1101101000101110
1101111011111100
1110001011011011
1110110000101000
1110111101000001
1110010111110101
1110001011011011
1110110000101000
1110111101000001
1110110100010110
1111000011001110
1111001001011011
1110110110110101
1110111001111011
1111100111001011
0000000111011010
1111111101011111
1111101100001001
0000001001111001
1111111001110001
1111011111101111
1111101001101010
1111110111111010
0000000111011010
0000010011110100
0000000001001101
0000010011110100
0000101111000101
0001000000011100
0000101011010111
0000110101111010
0001111101001100
0001111101001100
0001010110110000
0001011110001100
0001110011111001
0010000011011001
0010101000100101
0010110100111111
0010001111110010
0010000011011001
0010101000100101
0010110100111111
0010101100010011
0010111011001011
0011000001011000
0010101110110010
0010110001111000
0011011111001000
0011111111010111
0011110101011101
0011100100000110
0100000001110110
0011110001101111
0011010111101100
0011100001100111
0011101111111000
0100010011001101
0100100100100100
0100011000001010
0100011000001010
0100101101110111
0100111101010111
0101100010100011
0101101110111101
0101001001110000
0100111101010111
0101100010100011
0101101110111101
0101011110110101
0101110000001100
0101101011110110
0101111011010110
0110010100001001
0110010100001001
0110000111110000
0110010100001001
0110101100111100
0110101100111100
0110100000100010
0110101001110110
0111001101001011
0111110010010111
0111110010010111
0111101101011010
0111100011011111
0111001111101010
0111010010001000
0111011001100100
0111011110100010
0111100111110101
0111111000010111
0111111000010111
0110011010000010
0100111011101101
1100000101101111
1001010010100001
1001001001000101
1001001001000101
1001010101011111
1001111010101011
1010000111000101
1001100001111000
1001010101011111
1001111010101011
1010000111000101
1001111110011001
1010001101010001
1010101100010001
1010000000111000
1010000011111110
1010010011011110
1010111000101011
1011000101000100
1010011111111000
1010010011011110
1010111000101011
1011000101000100
1010111100011001
1011001011010001
1011010001011110
1010111110110111
1011000001111110
1011010001011110
1011101010010000
1011101010010000
1011011101110111
1011101010010000
1100000011000011
1100000011000011
1011110110101010
1011111111111101
1100100011010010
1100110100101001
1100101000010000
1100101000010000
1100111101111100
1101001010111101
1101100110001111
1110000101001111
1101110010101001
1101001101011100
1101011001110110
1101111011111100
1111000011001110
1111000011001110
1110011100110010
1110100100001110
1110111001111011
1111011000111011
1111110111111010
0000100111101001
0000110010110011
0000000111011010
0000010011110100
0000111001000000
0000101100100111
0000000001001101
0000010011110100
0000110101111010
0001000101011001
0001011001001111
0001010110110000
0001011001001111
0001110110111111
0001101101000101
0001100000101011
0001110011111001
0010010111001110
0010101000100101
0010011100001100
0010011100001100
0010110001111000
0011000001011000
0011100110100101
0011110010111110
0011001101110010
0011000001011000
0011100110100101
0011110010111110
0011001000110100
0011000001011000
0011101111111000
0011111111010111
0100001011110001
0011111001001011
0100001011110001
0100100111000011
0100111000011001
0100100011010100
0100101101110111
0100111010111000
0101010110001010
0101110101001001
0101100010100011
0100111101010111
0101001001110000
0101101011110110
0110011001000110
0110111001010101
0110101111011011
0110011110000100
0110111011110100
0110101011101101
0110010001101010
0110011011100101
0110101001110110
0110111010011000
0110111010011000
0101100010001111
0100001010000111
1011111001010110
1001010001111001
1001001001000101
1001001001000101
1001101001010100
1001111010101011
1001001001000101
1001001011100100
1010000011111110
1010010011011110
1010111000101011
1011000101000100
1010011111111000
1010010011011110
1010111000101011
1011000101000100
1010110100111101
1011000110010011
1011000001111110
1011010001011110
1011110110101010
1100000011000011
1011011101110111
1011010001011110
1011110110101010
1100000011000011
1011110010111100
1100000100010011
1011111111111101
1100100011010010
1101001000011111
1101001000011111
1101000011100001
1100111001100111
1100100101110001
1100101000010000
1100101111101100
1100110100101001
1100111101111100
1101101011001100
1110001011011011
1110000001100001
1101110000001010
1110001101111010
1101111101110011
1101100011110000
1101101101101011
1101111011111100
1110011010111011
1110111001111011
0000000001001101
0000000001001101
1111011010110010
1111100010001110
1111110111111010
0000000111011010
0000101100100111
0000111001000000
0000010011110100
0000000111011010
0000101100100111
0000111001000000
0000110000010101
0000111111001101
0001000101011001
0000110010110011
0000110101111010
0001000101011001
0001011001001111
0001010110110000
0001011001001111
0001110110111111
0001101101000101
0001100000101011
0001110011111001
0010000011011001
0010101000100101
0010110100111111
0010001111110010
0010000011011001
0010101000100101
0010110100111111
0010100100110111
0010110110001110
0010110001111000
0011010101001110
0011111010011010
0011111010011010
0011110101011101
0011101011100010
0011010111101100
0011011010001011
0011100001100111
0011100110100101
0011101111111000
0100000000011010
0100000000011010
0010111010111000
0001110101010110
1011010100001001
1001010000000010
1001001001000101
1001001001000101
0101010101010101
0101010101010101
0101010101010101
0101010101010101
0101010101010101
0101010101010101
0101010101010101
0101010101010101
0101010101010101
0101010101010101
0101010101010101
0101010101010101
0101010101010101
0101010101010101
0101010101010101
0101010101010101
0101010101010101
0101010101010101
0101010101010101
0101010101010101
0101010101010101
0101010101010101
0101010101010101
0101010101010101
0101010101010101
0101010101010101
0101010101010101
0101010101010101
0101010101010101
0101010101010101
0101010101010101
0101010101010101
0101010101010101
0101010101010101
0101010101010101
0101010101010101
0101010101010101
0101010101010101
0101010101010101
0101010101010101
0101010101010101
0101010101010101
0101010101010101
0101010101010101
0101010101010101
0101010101010101
0101010101010101
0101010101010101
0101010101010101
0101010101010101
0101010101010101
0101010101010101
0101010101010101
0101010101010101
0101010101010101
0101010101010101
0101010101010101
0101010101010101
0101010101010101
0101010101010101
0101010101010101
0101010101010101
0101010101010101
0101010101010101
0101010101010101
0101010101010101
0101010101010101
0101010101010101
0101010101010101
0101010101010101
0101010101010101
0101010101010101
0101010101010101
0101010101010101
0101010101010101
0101010101010101
0101010101010101
0101010101010101
0101010101010101
0101010101010101
0101010101010101
0101010101010101
0101010101010101
0101010101010101
0101010101010101
0101010101010101
0101010101010101
0101010101010101
0101010101010101
0101010101010101
0101010101010101
0101010101010101
0101010101010101
0101010101010101
0101010101010101
0101010101010101
0101010101010101
0101010101010101
0101010101010101
0101010101010101
0101010101010101
0101010101010101
0101010101010101
0101010101010101
0101010101010101
0101010101010101
0101010101010101
0101010101010101
0101010101010101
0101010101010101
0101010101010101
0101010101010101
0101010101010101
0101010101010101
0101010101010101
0101010101010101
0101010101010101
0101010101010101
0101010101010101
0101010101010101
0101010101010101
0101010101010101
0101010101010101
0101010101010101
0101010101010101
0101010101010101
0101010101010101
0101010101010101
0101010101010101
0101010101010101
0101010101010101
0101010101010101
0101010101010101
0101010101010101
0101010101010101
0101010101010101
0101010101010101
0101010101010101
0101010101010101
0101010101010101
0101010101010101
0101010101010101
0101010101010101
0101010101010101
0101010101010101
0101010101010101
0101010101010101
0101010101010101
0101010101010101
0101010101010101
0101010101010101
0101010101010101
0101010101010101
0101010101010101
0101010101010101
0101010101010101