0101111110010110
0110101000101111
0110101000101111
0110101000101111
0101111110010110
0101010011111101
0101011110100011
0101111110010110
0110101000101111
0101111110010110
0101010011111101
0101111110010110
0110101000101111
0110000110110100
0110001011000100
0110010011100010
0101011110100011
0101111110010110
0110101000101111
0101111110010110
0101010011111101
0101111110010110
0110101000101111
0101111110010110
0101010011111101
0101011110100011
0101111110010110
0110101000101111
0101111110010110
0101010011111101
0101111110010110
0110101000101111
0101111110010110
0011111111001011
0100101001100100
0101011110100011
0101110101110111
0110100000010000
0110101000101111
0110100000010000
0110100000010000
0101111110010110
0101010011111101
0101011110100011
0101111110010110
0110101000101111
0101111110010110
0101010011111101
0101111110010110
0110101000101111
0101111110010110
0101101001001001
0110010011100010
0110101000101111
0101101001001001
0101011110100011
0110001111010011
0111111101100001
0111011011100110
0111010011001000
0111010011001000
0111000110011010
0101100100111010
0101010011111101
0101011110100011
0101111110010110
0110101000101111
0101101001001001
0101010011111101
0101101101011001
0110101000101111
0101100000101011
0101011110100011
0110111101111011
0111111101100001
0101111110010110
0101010011111101
0101011110100011
0101111110010110
0110101000101111
0101111110010110
0101010011111101
0101111110010110
0110101000101111
0101111110010110
0101101001001001
0110010011100010
0110101000101111
0101101001001001
0101011110100011
0110001111010011
0111111101100001
0111011011100110
0111010011001000
0111010011001000
0111000110011010
0101100100111010
0101010011111101
0101011110100011
0101111110010110
0110101000101111
0101111110010110
0101010011111101
0101011110100011
0101111110010110
0110101000101111
0101111110010110
0101010011111101
0101111110010110
0110101000101111
0110000110110100
0110001011000100
0110010011100010
0101011110100011
0101111110010110
0110101000101111
0101111110010110
0101010011111101
0101111110010110
0110101000101111
0101111110010110
0101010011111101
0101011110100011
0101111110010110
0110101000101111
0110101000101111
0110000110110100
0101100100111010
0101010011111101
0101011100011011
0101010011111101
0101010011111101
0101011110100011
0101010011111101
0101001001010111
0101001001010111
0101001001010111
0101001001010111
0100111110110000
0010101010011001
0000010110000010
0000101011001110
0001010101100111
0000101011001110
0000000000110101
0000101011001110
0001010101100111
0000101011001110
0000010110000010
0001000000011011
0010101010011001
0000010110000010
0000001011011011
0000101011001110
0001010101100111
0000101011001110
0000000000110101
0000101011001110
0001010101100111
0000101011001110
0000010110000010
0001000000011011
0001010101100111
0000010110000010
0000001011011011
0000101011001110
0001010101100111
0000101011001110
0000000000110101
0000101011001110
0001010101100111
0000101011001110
0000000000110101
0000001011011011
0000101011001110
0001010101100111
0000101011001110
0000000000110101
0000001011011011
0000100010110000
0000101011001110
0001000000011011
0001010101100111
0000101011001110
0000000000110101
0000001011011011
0001101010110100
0010101010011001
0000101011001110
0000000000110101
0000001011011011
0000001011011011
0000001011011011
0001010101100111
0010101010011001
0000101011001110
0000000000110101
0000101011001110
0001010101100111
0000010110000010
0000000000110101
0000001011011011
0000100010110000
0001001101001000
0001010101100111
0001001101001000
0001001101001000
0000101011001110
0000000000110101
0000001011011011
0000101011001110
0001010101100111
0000101011001110
0000000000110101
0000001011011011
0000101011001110
0001010101100111
0000101011001110
0000000000110101
0000101011001110
0001010101100111
0000101011001110
1110101100000011
1111010110011100
0000001011011011
0000101011001110
0001010101100111
0000010110000010
0000000000110101
0000011010010001
0001010101100111
0000001101100011
0000001011011011
0000100010110000
0000101011001110
0001000000011011
0001010101100111
0000101011001110
0000000000110101
0000001011011011
0000111100001011
0010101010011001
0010001000011111
0010000000000000
0010000000000000
0001110011010010
0000010001110010
0000000000110101
0000001011011011
0000000000110101
1111110110001111
1111110110001111
1111110110001111
1111110110001111
1111101011101001
1101010111010001
1011000010111010
1011011000000111
1100000010100000
1001011000111100
1010001011110011
1010111000010100
1011011000000111
1100000010100000
1011011000000111
1010101101101110
1011011000000111
1100000010100000
1011100000100101
1011100100110100
1011101101010011
1010111000010100
1011011000000111
1100000010100000
1011011000000111
1010101101101110
1011011000000111
1100000010100000
1011100000100101
1011100100110100
1011101101010011
1010111000010100
1011011000000111
1100000010100000
1100000010100000
1011100000100101
1010111110101011
1010101101101110
1010110110001100
1010101101101110
1010101101101110
1010111000010100
1011101001000100
1101010111010001
1100110101010111
1100101100111000
1100101100111000
1100100000001011
1010111110101011
1010101101101110
1010111000010100
1010111000010100
1010111000010100
1100010111101100
1101010111010001
1011011000000111
1010101101101110
1010111000010100
1011011000000111
1100000010100000
1011011000000111
1010101101101110
1011011000000111
1100000010100000
1011011000000111
1011000010111010
1011101101010011
1100000010100000
1011000010111010
1010111000010100
1011001111101000
1011111010000001
1100000010100000
1011111010000001
1011111010000001
1011011000000111
1010101101101110
1010111000010100
1011011000000111
1100000010100000
1011011000000111
1010101101101110
1011011000000111
1100000010100000
1011100000100101
1011100100110100
1011101101010011
1010111000010100
1011011000000111
1100000010100000
1100000010100000
1011100000100101
1010111110101011
1010101101101110
1010110110001100
1010101101101110
1010101101101110
1010111000010100
1010101101101110
1010100011000111
1010100011000111
1010100011000111
1010100011000111
1010011000100001
1101010111010001
0000010110000010
1010101010101010
1010101010101010
1010101010101010
1010101010101010
1010101010101010
1010101010101010
1010101010101010
1010101010101010
1010101010101010
1010101010101010
1010101010101010
1010101010101010
1010101010101010
1010101010101010
1010101010101010
1010101010101010
1010101010101010
1010101010101010
1010101010101010
1010101010101010
1010101010101010
1010101010101010
1010101010101010
1010101010101010
1010101010101010
1010101010101010
1010101010101010
1010101010101010
1010101010101010
1010101010101010
1010101010101010
1010101010101010
1010101010101010
1010101010101010
1010101010101010
1010101010101010
1010101010101010
1010101010101010
1010101010101010
1010101010101010
1010101010101010
1010101010101010
1010101010101010
1010101010101010
1010101010101010
1010101010101010
1010101010101010
1010101010101010
1010101010101010
1010101010101010
1010101010101010
1010101010101010
1010101010101010
1010101010101010
1010101010101010
1010101010101010
1010101010101010
1010101010101010
1010101010101010
1010101010101010
1010101010101010
1010101010101010
1010101010101010
1010101010101010
1010101010101010
1010101010101010
1010101010101010
1010101010101010
1010101010101010
1010101010101010
1010101010101010
1010101010101010
1010101010101010
1010101010101010
1010101010101010
1010101010101010
1010101010101010
1010101010101010
1010101010101010
1010101010101010
1010101010101010
1010101010101010
1010101010101010
1010101010101010
1010101010101010
1010101010101010
1010101010101010
1010101010101010
1010101010101010
1010101010101010
1010101010101010
1010101010101010
1010101010101010
1010101010101010
1010101010101010
1010101010101010
1010101010101010
1010101010101010
1010101010101010
1010101010101010
1010101010101010
1010101010101010
1010101010101010
1010101010101010
1010101010101010
1010101010101010
1010101010101010
1010101010101010
1010101010101010
1010101010101010
1010101010101010
1010101010101010
1010101010101010
1010101010101010
1010101010101010
1010101010101010
1010101010101010
1010101010101010
1010101010101010
1010101010101010
1010101010101010
1010101010101010
1010101010101010
1010101010101010
1010101010101010
1010101010101010
1010101010101010
1010101010101010
1010101010101010
1010101010101010
1010101010101010
1010101010101010
1010101010101010
1010101010101010
1010101010101010
1010101010101010
1010101010101010
1010101010101010
1010101010101010
1010101010101010
1010101010101010
1010101010101010
1010101010101010
1010101010101010
1010101010101010
1010101010101010
1010101010101010
1010101010101010
1010101010101010
1010101010101010
1010101010101010
1010101010101010
1010101010101010
1010101010101010
1010101010101010
1010101010101010