1001010000111110
1001110100000000
1010001011011000
1001110100000000
1001010000111110
1001011100101001
1001111100110001
1010001011011000
1010101110011010
1010111010000110
1010010111000011
1010001011011000
1010101110011010
1010111010000110
1010101010111010
1010111011010001
1010110111001011
1011000101110001
1011011101001000
1011011101001000
1011010001011101
1011011101001000
1011110100011111
1011110100011111
1011101000110100
1011110001100101
1100000000001011
1100100011001110
1100101110111001
1100001011110111
1100000000001011
1100100011001110
1100101110111001
1100000111001100
1100000000001011
1100101011111110
1100111010100101
1101001101010001
1101001010111011
1101001101010001
1101101001010011
1101011111111101
1101010100010001
1101100110011000
1101110100111110
1110011000000001
1110100011101101
1110000000101010
1101110100111110
1110011000000001
1110100011101101
1110011011100001
1110101001100010
1110101111011000
1110011101110111
1110100000110010
1111001011011010
1111101001110010
1111100000011100
1111010000000101
1111101100000111
1111011100111100
1111000100011010
1111001101110000
1111011011001100
1111101001110010
1111110101011101
1111100011111100
1111110101011101
0000001111001010
0000011111100001
0000001011101010
0000010101100101
0001011000110000
0001011000110000
0000110100100010
0000111011100011
0001001111111111
0001011110100101
0010000001101000
0010001101010100
0001101010010001
0001011110100101
0010000001101000
0010001101010100
0010000101001000
0010010011001001
0010011000111111
0010000111011110
0010001010011001
0010110101000001
0011010011011001
0011001010000011
0010111001101100
0011010101101110
0011000110100011
0010101110000001
0010110111010111
0011000100110010
0011100110000101
0011110110011011
0011101010110000
0011101010110000
0011111111001100
0100001101110011
0100110000110101
0100111100100001
0100011001011110
0100001101110011
0100110000110101
0100111100100001
0100101101010101
0100111101101011
0100111001100110
0101001000001100
0101011111100011
0101011111100011
0101010011111000
0101011111100011
0101110110111010
0101110110111010
0101101011001111
0101110100000000
0110010101010010
0110111000010101
0110111000010101
0110110011101010
0110101010010100
0110010111101000
0110011001111101
0110100000111110
0110100101101001
0110101110011001
0110111101111110
0110111101111110
0101100101000110
0100001100001111
1011110111000001
1001001110001011
1001000101010010
1001000101010010
1001010000111110
1001110100000000
1001111111101100
1001011100101001
1001010000111110
1001110100000000
1001111111101100
1001010111111110
1001010000111110
1001111100110001
1010001011011000
1010011110000100
1010011011101110
1010011110000100
1010111010000110
1010110000110000
1010100101000100
1010110111001011
1011000011011100
1011011101001000
1011111010010101
1011101000110100
1011000101110001
1011010001011101
1011110001100101
1100000000001011
1100100011001110
1100101110111001
1100001011110111
1100000000001011
1100100011001110
1100101110111001
1100000111001100
1100000000001011
1100101011111110
1100111010100101
1101011101100111
1101101001010011
1101000110010000
1100111010100101
1101011101100111
1101101001010011
1101011010000111
1101101010011110
1101100110011000
1101110100111110
1110000111101011
1110000101010101
1110000111101011
1110100011101101
1110011010010111
1110001110101011
1110100000110010
1110101111011000
1110111011000100
1110101111011000
1110111011000100
1111011110000110
1111101001110010
1111011110000110
1110110110011001
1110101111011000
1111011011001100
1111111000011000
0000010101100101
0000100100001100
0001000111001110
0001010010111010
0000101111110111
0000100100001100
0001000111001110
0001010010111010
0001001010101111
0001011000110000
0001110101111100
0001001101000100
0001001111111111
0001011110100101
0001101010010001
0001011000110000
0001101010010001
0010000011111110
0010010100010100
0010000000011101
0010001010011001
0010011000111111
0010101011101011
0010101000011010
0010011100101110
0010101000011010
0010111100000010
0010110111110101
0010101100001001
0010110111110101
0011001100011000
0011000111101101
0010111100000010
0011000100110010
0011010011011001
0011110110011011
0100000010000111
0011011111000100
0011010011011001
0011110110011011
0100000010000111
0011110010111011
0100000011010010
0011111111001100
0100001101110011
0100011001011110
0100000111111101
0100011001011110
0100110011001011
0101000011100001
0100101111101010
0100111001100110
0101111100110000
0101111100110000
0101011000100011
0101011111100011
0101110100000000
0110010101010010
0110100101101001
0110011001111101
0110011001111101
0110101110011001
0110111101000000
0111010100010111
0111010100010111
0111001000101011
0111010100010111
0111101011101110
0111101011101110
0111100000000010
0111101000110011
0111111000011000
0111111000011000
0110011001101010
0100111010111101
1100000010101101
1001001110110000
1001000101010010
1001000101010010
1001100011101010
1001110100000000
1001000101010010
1001000111101000
1001111100110001
1010001011011000
1010101110011010
1010111010000110
1010010111000011
1010001011011000
1010101110011010
1010111010000110
1010101010111010
1010111011010001
1010110111001011
1011000101110001
1011011101001000
1011011101001000
1011010001011101
1011011101001000
1011110100011111
1011110100011111
1011101000110100
1011110001100101
1100000000001011
1100100011001110
1100101110111001
1100001011110111
1100000000001011
1100100011001110
1100101110111001
1100100110101110
1100110100101111
1100111010100101
1100101001000011
1100101011111110
1101010110100111
1101110100111110
1101101011101000
1101011011010010
1101110111010100
1101101000001000
1101001111100110
1101011000111100
1101100110011000
1110100011101101
1110011101110111
1101110100111110
1101101001010011
1101110100111110
1110011000000001
1110100011101101
1110011011100001
1110011000000001
1110100000110010
1110101111011000
1111010010011011
1111011110000110
1110111011000100
1110101111011000
1111010010011011
1111011110000110
1111010101111011
1111100011111100
1111101001110010
1111011000010001
1111011011001100
1111101001110010
0000000001001001
0000000001001001
1111110101011101
0000000001001001
0000011000100000
0000011000100000
0000001100110101
0000010101100101
0000110010110010
0001001111111111
0001011110100101
0001110001010001
0001101110000000
0001100010010101
0001101110000000
0010000001101000
0001111101011011
0001110001101111
0001111101011011
0010010001111111
0010001101010100
0010000001101000
0010001010011001
0010101011101011
0010111100000010
0010110000010110
0010110000010110
0011000100110010
0011010011011001
0011110110011011
0100001101110011
0011110110011011
0011010011011001
0011011111000100
0011111111001100
0100111100100001
0100110110101011
0100001101110011
0100000010000111
0100001101110011
0100110000110101
0100111100100001
0100110100010101
0100110000110101
0100111001100110
0101000101110111
0101011111100011
0101111100110000
0101101011001111
0101001000001100
0101010011111000
0101110100000000
0110110111001010
0110110111001010
0110010010111101
0110011001111101
0110101110011001
0110111101111110
0110111101111110
0101100101000110
0100001100001111
1011110111000001
1001001110001011
1001000101010010
1001000101010010
0101010101010101
0101010101010101
0101010101010101
0101010101010101
0101010101010101
0101010101010101
0101010101010101
0101010101010101
0101010101010101
0101010101010101
0101010101010101
0101010101010101
0101010101010101
0101010101010101
0101010101010101
0101010101010101
0101010101010101
0101010101010101
0101010101010101
0101010101010101
0101010101010101
0101010101010101
0101010101010101
0101010101010101
0101010101010101
0101010101010101
0101010101010101
0101010101010101
0101010101010101
0101010101010101
0101010101010101
0101010101010101
0101010101010101
0101010101010101
0101010101010101
0101010101010101
0101010101010101
0101010101010101
0101010101010101
0101010101010101
0101010101010101
0101010101010101
0101010101010101
0101010101010101
0101010101010101
0101010101010101
0101010101010101
0101010101010101
0101010101010101
0101010101010101
0101010101010101
0101010101010101
0101010101010101
0101010101010101
0101010101010101
0101010101010101
0101010101010101
0101010101010101
0101010101010101
0101010101010101
0101010101010101
0101010101010101
0101010101010101
0101010101010101
0101010101010101
0101010101010101
0101010101010101
0101010101010101
0101010101010101
0101010101010101
0101010101010101
0101010101010101
0101010101010101
0101010101010101
0101010101010101
0101010101010101
0101010101010101
0101010101010101
0101010101010101
0101010101010101
0101010101010101
0101010101010101
0101010101010101
0101010101010101
0101010101010101
0101010101010101
0101010101010101
0101010101010101
0101010101010101
0101010101010101
0101010101010101
0101010101010101
0101010101010101
0101010101010101
0101010101010101