1000111001101101
1001010001101010
1001100001101000
1001010001101010
1000111001101101
1001000001101100
1001010111101001
1001100001101000
1001111001100101
1010000001100100
1001101001100111
1001100001101000
1001111001100101
1010000001100100
1001110111001011
1010000010010111
1001111111100100
1010001001100011
1010011001100001
1010011001100001
1010010001100010
1010011001100001
1010101001011110
1010101001011110
1010100001100000
1010100111011111
1010110001011101
1011001001011010
1011010001011001
1010111001011100
1010110001011101
1011001001011010
1011010001011001
1010110110010000
1010110001011101
1011001111011010
1011011001011000
1011100110001010
1011100100100100
1011100110001010
1011111001010100
1011110010111011
1011101010111100
1011110111010100
1100000001010011
1100011001010000
1100100001001111
1100001001010010
1100000001010011
1100011001010000
1100100001001111
1100011011101001
1100100101001111
1100101001001110
1100011101010000
1100011111001111
1100111100011000
1101010001001001
1101001010110000
1100111111100101
1101010010101111
1101001000010111
1100110111100110
1100111101111111
1101000111001010
1101010001001001
1101011001001000
1101001101001001
1101011001001000
1101101010101100
1101110101110111
1101101000010011
1101101111000101
1110011100111111
1110011100111111
1110000100001111
1110001001000010
1110010111000000
1110100000111111
1110111000111100
1111000000111011
1110101000111110
1110100000111111
1110111000111100
1111000000111011
1110111011010101
1111000100111010
1111001000111010
1110111100111011
1110111110111011
1111011100000100
1111110000110100
1111101010011100
1111011111010000
1111110010011011
1111101000000010
1111010111010001
1111011101101010
1111100110110110
1111111101100110
0000001000110001
0000000000110010
0000000000110010
0000001110110001
0000011000101111
0000110000101100
0000111000101011
0000100000101110
0000011000101111
0000110000101100
0000111000101011
0000101110010011
0000111001011110
0000110110101011
0001000000101010
0001010000101000
0001010000101000
0001001000101001
0001010000101000
0001100000100110
0001100000100110
0001011000100111
0001011110100110
0001110101010111
0010001101010100
0010001101010100
0010001010000111
0010000011101110
0001110110111101
0001111000100011
0001111101010110
0010000000100010
0010000110100001
0010010001001011
0010010001001011
0001010100011011
0000010111101011
1010101011001101
1000110111110011
1000110001101110
1000110001101110
1001000110011110
1001010001101010
1000110001101110
1000110011010100
1001010111101001
1001100000000010
1001110001100110
1010000101100011
1001111001100101
1001100001101000
1001101001100111
1001111111100100
1010001001100011
1010010110010100
1010010100101110
1010010110010100
1010101001011110
1010100011000110
1010011011000111
1010100111011111
1010101111110111
1011000001011011
1011010101011001
1011001001011010
1010110001011101
1010111001011100
1011001111011010
1011011001011000
1011100110001010
1011100011111011
1011011011111100
1011100011111011
1011110001010101
1011101110011101
1011100110011110
1011101110011101
1011111100100001
1011111001010100
1011110001010101
1011110111010100
1100000001010011
1100001001010010
1100000001010011
1100001001010010
1100100001001111
1100101001001110
1100100001001111
1100000110000110
1100000001010011
1100011111001111
1100110011001101
1101000111001010
1101010001001001
1101011101111011
1101011011101011
1101010011101100
1101011011101011
1101101001000110
1101100110001110
1101011110001111
1101100110001110
1101110100010001
1101110001000101
1101101001000110
1101101111000101
1101111001000100
1110010001000001
1110011001000000
1110000001000011
1101111001000100
1110010001000001
1110011001000000
1110010011011010
1110011100111111
1110100000111111
1110010101000000
1110010111000000
1110100000111111
1110111000111100
1111001000111010
1110111000111100
1110100000111111
1110101000111110
1110111110111011
1111000111010011
1111011000111000
1111101100110101
1111100000110111
1111001000111010
1111010000111001
1111100110110110
1111111101100110
0000001000110001
0000000000110010
0000000000110010
0000001110110001
0000011000101111
0000100101100001
0000100011111011
0000100101100001
0000111000101011
0000110010010010
0000101010010011
0000110110101011
0001000000101010
0001011000100111
0001100000100110
0001001000101001
0001000000101010
0001011000100111
0001100000100110
0001011011000000
0001100100100110
0001101000100101
0001011100100111
0001011110100110
0001110101010111
0010001101010100
0010001101010100
0010001010000111
0010000011101110
0001110110111101
0001111000100011
0001111101010110
0010000000100010
0010000110100001
0010011010011111
0010101110011100
0011011000010111
0011011100010110
0011000000011010
0010101100011100
0011000000011010
0011000100011001
0010111010011011
0011001010011001
0011010110010111
0011011110110000
0011110000010100
0100000100010001
0011111000010011
0011100000010110
0011101000010101
0011111110010010
0100001000010001
0100010101000010
0100010011011100
0100010101000010
0100101000001100
0100100001110100
0100011001110101
0100100110001101
0100110000001011
0100111100111101
0100111011010111
0100111100111101
0101010000000111
0101001001101111
0101000001110000
0101001110001000
0101010110100000
0101101000000100
0101111100000010
0101110000000011
0101011000000110
0101100000000101
0101110110000010
0110001100110011
0110010111111110
0110001111111111
0110001111111111
0110011101111101
0110100111111100
0110110100101110
0110110011000111
0110110100101110
0111000111111000
0111000001011111
0110111001100000
0111000101111000
0111001111110111
0111100111110100
0111101111110011
0111010111110110
0111001111110111
0111100111110100
0111101111110011
0111100101011011
0111110000100110
0111101101110011
0111111000011100
0111111000011100
0110010111110001
0100110111000110
1011110011000100
1000111011011001
1000110001101110
1000110001101110
1001001100110111
1001100001101000
1001011011001111
1001010000000100
1001100011001110
1001011000110110
1001001000000101
1001001110011101
1001010111101001
1001100001101000
1001101110011001
1001101100110011
1001101110011001
1010000001100100
1001111011001011
1001110011001100
1001111111100100
1010010110010100
1010100001100000
1010011001100001
1010011001100001
1010100111011111
1010111110001111
1011010110001100
1011010110001100
1011010011000000
1011001100100111
1010111111110101
1011000001011011
1011000110001110
1011001001011010
1011001111011010
1011101100100011
1100000001010011
1011111010111010
1011101111101111
1100000010111001
1011111000100001
1011100111110000
1011101110001001
1011110111010100
1100000001010011
1100011001010000
1100100001001111
1100001001010010
1100000001010011
1100011001010000
1100100001001111
1100011011101001
1100100101001111
1100101001001110
1100011101010000
1100011111001111
1100101001001110
1100111001001100
1100111001001100
1100110001001101
1100111001001100
1101001001001010
1101001001001010
1101000001001011
1101000111001010
1101011011001000
1101101111000101
1101111001000100
1110000101110101
1110000100001111
1110000101110101
1110011001000000
1110010010100111
1110001010101000
1110010111000000
1110011111011001
1110110000111101
1111000100111010
1110111000111100
1110100000111111
1110101000111110
1110111110111011
1111001000111010
1111011000111000
1111011000111000
1111010000111001
1111011000111000
1111101000110101
1111101000110101
1111100000110111
1111100110110110
1111110000110100
0000001000110001
0000010000110000
1111111000110011
1111110000110100
0000001000110001
0000010000110000
0000000110011000
0000010001100011
0000001110110001
0000011000101111
0000101000101101
0000101000101101
0000100000101110
0000101000101101
0000111000101011
0000111000101011
0000110000101100
0000110110101011
0001000001010101
0001000001010101
0000001100100100
1111010111110011
1010011011001111
1000110111000000
1000110001101110
1000110001101110
0101010101010101
0101010101010101
0101010101010101
0101010101010101
0101010101010101
0101010101010101
0101010101010101
0101010101010101
0101010101010101
0101010101010101
0101010101010101
0101010101010101
0101010101010101
0101010101010101
0101010101010101
0101010101010101
0101010101010101
0101010101010101
0101010101010101
0101010101010101
0101010101010101
0101010101010101
0101010101010101
0101010101010101
0101010101010101
0101010101010101
0101010101010101
0101010101010101
0101010101010101
0101010101010101
0101010101010101
0101010101010101
0101010101010101
0101010101010101
0101010101010101
0101010101010101
0101010101010101
0101010101010101
0101010101010101
0101010101010101
0101010101010101
0101010101010101
0101010101010101
0101010101010101
0101010101010101
0101010101010101
0101010101010101
0101010101010101
0101010101010101
0101010101010101
0101010101010101
0101010101010101
0101010101010101
0101010101010101
0101010101010101
0101010101010101
0101010101010101
0101010101010101