1001010101011111
1001111010101011
1010010011011110
1001111010101011
1001010101011111
1001100001111000
1010000011111110
1010010011011110
1010111000101011
1011000101000100
1010011111111000
1010010011011110
1010111000101011
1011000101000100
1010110100111101
1011000110010011
1011000001111110
1011010001011110
1011101010010000
1011101010010000
1011011101110111
1011101010010000
1100000011000011
1100000011000011
1011110110101010
1011111111111101
1100001111011101
1100110100101001
1101000001000011
1100011011110110
1100001111011101
1100110100101001
1101000001000011
1100010110111001
1100001111011101
1100111101111100
1101001101011100
1101100001010010
1101011110110011
1101100001010010
1101111111000010
1101110101000111
1101101000101110
1101111011111100
1110001011011011
1110110000101000
1110111101000001
1110010111110101
1110001011011011
1110110000101000
1110111101000001
1110110100010110
1111000011001110
1111001001011011
1110110110110101
1110111001111011
1111100111001011
0000000111011010
1111111101011111
1111101100001001
0000001001111001
1111111001110001
1111011111101111
1111101001101010
1111110111111010
0000000111011010
0000010011110100
0000000001001101
0000010011110100
0000101111000101
0001000000011100
0000101011010111
0000110101111010
0001111101001100
0001111101001100
0001010110110000
0001011110001100
0001110011111001
0010000011011001
0010101000100101
0010110100111111
0010001111110010
0010000011011001
0010101000100101
0010110100111111
0010101100010011
0010111011001011
0011000001011000
0010101110110010
0010110001111000
0011011111001000
0011111111010111
0011110101011101
0011100100000110
0100000001110110
0011110001101111
0011010111101100
0011100001100111
0011101111111000
0100010011001101
0100100100100100
0100011000001010
0100011000001010
0100101101110111
0100111101010111
0101100010100011
0101101110111101
0101001001110000
0100111101010111
0101100010100011
0101101110111101
0101011110110101
0101110000001100
0101101011110110
0101111011010110
0110010100001001
0110010100001001
0110000111110000
0110010100001001
0110101100111100
0110101100111100
0110100000100010
0110101001110110
0111001101001011
0111110010010111
0111110010010111
0111101101011010
0111100011011111
0111001111101010
0111010010001000
0111011001100100
0111011110100010
0111100111110101
0111111000010111
0111111000010111
0110011010000010
0100111011101101
1100000101101111
1001010010100001
1001001001000101
1001001001000101
1010001101010001
1010001101010001
1001100110110110
1001101110010010
1010000011111110
1010010001000000
1010101100010001
1011001011010001
1010111000101011
1010010011011110
1010011111111000
1011000001111110
1011010001011110
1011110110101010
1100000011000011
1011011101110111
1011010001011110
1011110110101010
1100000011000011
1011110010111100
1100000100010011
1011111111111101
1100011110111101
1100111101111100
1101001101011100
1101110010101001
1101111111000010
1101011001110110
1101001101011100
1101110010101001
1101111111000010
1101110110010111
1110000101001111
1110100100001110
1101111000110101
1101111011111100
1110001011011011
1110110000101000
1110111101000001
1110010111110101
1110001011011011
1110110000101000
1110111101000001
1110101100111010
1110111110010001
1110111001111011
1111011101010000
0000000010011101
0000000010011101
1111111101011111
1111110011100101
1111011111101111
1111100010001110
1111101001101010
1111101110100111
1111110111111010
0000010110111010
0000110101111010
0001000101011001
0001011001001111
0001010110110000
0001011001001111
0001110110111111
0001101101000101
0001100000101011
0001110011111001
0010000000111010
0010011100001100
0010111011001011
0010101000100101
0010000011011001
0010001111110010
0010110001111000
0011010101001110
0011100110100101
0011011010001011
0011011010001011
0011101111111000
0100010011001101
0100111000011001
0100111000011001
0100110011011100
0100101001100001
0100010101101100
0100011000001010
0100011111100110
0100100100100100
0100101101110111
0100111110011001
0100111110011001
0011110010101010
0010100110111011
1011100000100011
1001010000101010
1001001001000101
1001001001000101
1001010101011111
1001111010101011
1010000111000101
1001100001111000
1001010101011111
1001111010101011
1010000111000101
1001111110011001
1010001101010001
1010010011011110
1010000000111000
1010000011111110
1010010011011110
1010111000101011
1011000101000100
1010011111111000
1010010011011110
1010111000101011
1011000101000100
1010111100011001
1011001011010001
1011101010010000
1010111110110111
1011000001111110
1011010001011110
1011110110101010
1100000011000011
1011011101110111
1011010001011110
1011110110101010
1100000011000011
1011111010011000
1100001001010000
1100001111011101
1011111100110111
1011111111111101
1100001111011101
1100100011010010
1100011111110100
1100010011011011
1100011111110100
1100110100101001
1100110000001100
1100100011110010
1100110000001100
1101000110000000
1101000001000011
1100110100101001
1100111101111100
1101011100111100
1101111011111100
1110101001001100
1111001001011011
1110111111100000
1110101110001001
1111001011111010
1110111011110010
1110100001110000
1110101011101011
1110111001111011
1111001001011011
1111011101010000
1111011010110010
1111011101010000
1111111011000001
1111110001000110
1111100100101100
1111110111111010
0000000111011010
0000010011110100
0000000001001101
0000010011110100
0000101111000101
0001000000011100
0000101011010111
0000110101111010
0001000010111011
0001011110001100
0001111101001100
0001101010100110
0001000101011001
0001010001110011
0001110011111001
0010000100011011
0010000100011011
0001001011010010
0000010010001010
1010111011010111
1001001110110011
1001001001000101
1001001001000101
0101010101010101
0101010101010101
0101010101010101
0101010101010101
0101010101010101
0101010101010101
0101010101010101
0101010101010101
0101010101010101
0101010101010101
0101010101010101
0101010101010101
0101010101010101
0101010101010101
0101010101010101
0101010101010101
0101010101010101
0101010101010101
0101010101010101
0101010101010101
0101010101010101
0101010101010101
0101010101010101
0101010101010101
0101010101010101
0101010101010101
0101010101010101
0101010101010101
0101010101010101
0101010101010101
0101010101010101
0101010101010101
0101010101010101
0101010101010101
0101010101010101
0101010101010101
0101010101010101
0101010101010101
0101010101010101
0101010101010101
0101010101010101
0101010101010101
0101010101010101
0101010101010101
0101010101010101
0101010101010101
0101010101010101
0101010101010101
0101010101010101
0101010101010101
0101010101010101
0101010101010101
0101010101010101
0101010101010101
0101010101010101
0101010101010101
0101010101010101
0101010101010101
0101010101010101
0101010101010101
0101010101010101
0101010101010101
0101010101010101
0101010101010101
0101010101010101
0101010101010101
0101010101010101
0101010101010101
0101010101010101
0101010101010101
0101010101010101
0101010101010101
0101010101010101
0101010101010101
0101010101010101
0101010101010101
0101010101010101
0101010101010101
0101010101010101
0101010101010101
0101010101010101
0101010101010101
0101010101010101
0101010101010101
0101010101010101
0101010101010101
0101010101010101
0101010101010101
0101010101010101
0101010101010101
0101010101010101
0101010101010101
0101010101010101
0101010101010101
0101010101010101
0101010101010101
0101010101010101
0101010101010101
0101010101010101
0101010101010101
0101010101010101
0101010101010101
0101010101010101
0101010101010101
0101010101010101
0101010101010101
0101010101010101
0101010101010101
0101010101010101
0101010101010101
0101010101010101
0101010101010101
0101010101010101
0101010101010101
0101010101010101
0101010101010101
0101010101010101
0101010101010101
0101010101010101
0101010101010101
0101010101010101
0101010101010101
0101010101010101
0101010101010101
0101010101010101
0101010101010101
0101010101010101
0101010101010101
0101010101010101
0101010101010101
0101010101010101
0101010101010101
0101010101010101
0101010101010101
0101010101010101
0101010101010101
0101010101010101
0101010101010101
0101010101010101
0101010101010101
0101010101010101
0101010101010101
0101010101010101
0101010101010101
0101010101010101
0101010101010101
0101010101010101
0101010101010101
0101010101010101
0101010101010101
0101010101010101
0101010101010101
0101010101010101
0101010101010101
0101010101010101
0101010101010101
0101010101010101
0101010101010101
0101010101010101
0101010101010101
0101010101010101
0101010101010101
0101010101010101
0101010101010101
0101010101010101
0101010101010101
0101010101010101
0101010101010101
0101010101010101
0101010101010101
0101010101010101
0101010101010101
0101010101010101
0101010101010101
0101010101010101
0101010101010101
0101010101010101
0101010101010101
0101010101010101
0101010101010101
0101010101010101
0101010101010101
0101010101010101
0101010101010101