1001001100111100
1001101110000100
1010000100001010
1001101110000100
1001001100111100
1001010111111111
1001110110010110
1010000100001010
1010100101010010
1010110000010100
1010001111001100
1010000100001010
1010100101010010
1010110000010100
1010100001111110
1010110001011011
1010101101100100
1010111011010111
1011010001011100
1011010001011100
1011000110011010
1011010001011100
1011100111100010
1011100111100010
1011011100011111
1011100100110001
1011110010100100
1100010011101100
1100011110101111
1011111101100111
1011110010100100
1100010011101100
1100011110101111
1011111001001100
1011110010100100
1100011011111110
1100101001110001
1100111011011100
1100111001001111
1100111011011100
1101010101111100
1101001101000111
1101000010000100
1101010011001011
1101100000111111
1110000010000111
1110001101001001
1101101100000001
1101100000111111
1110000010000111
1110001101001001
1110000101011011
1110010010101011
1110011000001100
1110000111101000
1110001010011001
1110110010101100
1111001111011001
1111000110100100
1110110111000111
1111010001100111
1111000011010000
1110101100000100
1110110100111001
1111000001100110
1111001111011001
1111011010011100
1111001001111000
1111011010011100
1111110010101110
0000000010001100
1111101111011010
1111111000110011
0000111000010010
0000111000010010
0000010110000100
0000011100101100
0000110000000000
0000111101110100
0001011110111100
0001101001111110
0001001000110110
0000111101110100
0001011110111100
0001101001111110
0001100010010000
0001101111100000
0001110101000001
0001100100011101
0001100111001110
0010001111100001
0010101100001110
0010100011011001
0010010011111100
0010101110011100
0010100000000101
0010001000111001
0010010001101110
0010011110011011
0010111101111001
0011001101010110
0011000010010011
0011000010010011
0011010101101000
0011100011011011
0100000100100011
0100001111100110
0011101110011110
0011100011011011
0100000100100011
0100001111100110
0100000001001111
0100010000101101
0100001100110101
0100011010101001
0100110000101110
0100110000101110
0100100101101011
0100110000101110
0101000110110011
0101000110110011
0100111011110001
0101000100000011
0101100011100001
0110000100101001
0110000100101001
0110000000001110
0101110111011001
0101100101101110
0101100111111011
0101101110100011
0101110010111110
0101111011010000
0110001001111110
0110001001111110
0100110101111110
0011100001111101
1011101001111011
1001001010010011
1001000001111010
1001000001111010
1001011110100111
1001111111101111
1001111111101111
1001111011010100
1001110010011111
1001100000110100
1001100011000010
1001101001101010
1001101110000100
1001110110010110
1010000100001010
1010001111001100
1010000100001010
1010001111001100
1010110000010100
1010111011010111
1010110000010100
1010001010110010
1010000100001010
1010101101100100
1011101101000011
1011101101000011
1011001010110100
1011010001011100
1011100100110001
1011111101100111
1011111101100111
1100100111100100
1100100101010111
1100100011001001
1100100101010111
1100010101111001
1100011011111110
1100101001110001
1101001010111001
1101010101111100
1100110100110100
1100101001110001
1101001010111001
1101010101111100
1101001110001101
1101011011011101
1101100000111111
1101010000011011
1101010011001011
1101110010101001
1110000010000111
1101110111000100
1101110111000100
1110001010011001
1110011000001100
1110101110010001
1110101110010001
1110100011001111
1110101110010001
1111000100010111
1111000100010111
1110111001010100
1111000001100110
1111011101001101
1111111000110011
0000011000010001
0000100111101110
0000011100101100
0000011100101100
0000110000000000
0000111011100110
0001010011111001
0001101111100000
0001011110111100
0000111101110100
0001001000110110
0001100111001110
0001110101000001
0010000110101100
0010000100011110
0010000110101100
0010100001001100
0010011000010110
0010001101010100
0010011110011011
0010111101111001
0011001101010110
0011000010010011
0011000010010011
0011010101101000
0011100100010110
0011100100010110
0010100000111010
0001011101011101
1011001000110011
1001001000101001
1001000001111010
1001000001111010
1001111110101000
1001111110101000
1001011100011010
1001100011000010
1001110110010110
1010000100001010
1010100101010010
1010110000010100
1010001111001100
1010000100001010
1010100101010010
1010110000010100
1010101000100110
1010110101110110
1010111011010111
1010101010110011
1010101101100100
1010111011010111
1011000110011010
1010110101110110
1011000110011010
1011011110101100
1011101110001010
1011011011011000
1011100100110001
1011110010100100
1100000100001111
1100000010000010
1100000100001111
1100011110101111
1100010101111001
1100001010110111
1100011011111110
1100100111100100
1100111111110111
1101011011011101
1101001010111001
1100101001110001
1100110100110100
1101010011001011
1101100000111111
1101110111000100
1101110111000100
1101101100000001
1101110111000100
1110001101001001
1110001101001001
1110000010000111
1110001010011001
1110110010101100
1111001111011001
1111000110100100
1110110111000111
1111010001100111
1111000011010000
1110101100000100
1110110100111001
1111000001100110
1111011101001101
1111111000110011
0000000110100110
0000100111101110
0000110010110001
0000010001101001
0000000100011001
0000001100001000
0000010001101001
1111110000100001
1111100101011110
1111111111111110
0000010001101001
0000110000000000
0001101001111110
0001101111100000
0001001000110110
0000101101010000
0001001000110110
0001001110011000
0001000000100100
0001010110101010
0001100111001110
0001110010110100
0010001011000110
0010100110101101
0010010110001001
0001110101000001
0010000000000100
0010011110011011
0011011000011001
0011011101111010
0010110111010001
0010011011101010
0010110111010001
0010111100110010
0010101110111111
0011000101000100
0011010101101000
0100001111100110
0100010101000111
0011101110011110
0011010010110111
0011101110011110
0011110011111111
0011100110001100
0011111100010001
0100001100110101
0100011000011011
0100110000101110
0101001100010101
0100111011110001
0100011010101001
0100100101101011
0101000100000011
0101010001110110
0101100011100001
0101100001010011
0101100011100001
0101111110000001
0101110101001011
0101101010001001
0101111011010000
0110111010101111
0110111010101111
0110011000100000
0110011111001000
0110110010011101
0110111110000011
0111010110010110
0111110001111100
0111100001011000
0111000000010000
0111001011010011
0111101001101010
0111111000011001
0111111000011001
0110011001010101
0100111010010010
1100000000000000
1001001011011010
1001000001111010
1001000001111010
0101010101010101
0101010101010101
0101010101010101
0101010101010101
0101010101010101
0101010101010101
0101010101010101
0101010101010101
0101010101010101
0101010101010101
0101010101010101
0101010101010101
0101010101010101
0101010101010101
0101010101010101
0101010101010101
0101010101010101
0101010101010101
0101010101010101
0101010101010101
0101010101010101
0101010101010101
0101010101010101
0101010101010101
0101010101010101
0101010101010101
0101010101010101
0101010101010101
0101010101010101
0101010101010101
0101010101010101
0101010101010101
0101010101010101
0101010101010101
0101010101010101
0101010101010101
0101010101010101
0101010101010101
0101010101010101
0101010101010101
0101010101010101
0101010101010101
0101010101010101
0101010101010101
0101010101010101
0101010101010101
0101010101010101
0101010101010101
0101010101010101
0101010101010101
0101010101010101
0101010101010101
0101010101010101
0101010101010101
0101010101010101
0101010101010101
0101010101010101
0101010101010101
0101010101010101
0101010101010101
0101010101010101
0101010101010101
0101010101010101
0101010101010101
0101010101010101
0101010101010101
0101010101010101
0101010101010101
0101010101010101
0101010101010101
0101010101010101
0101010101010101
0101010101010101
0101010101010101
0101010101010101
0101010101010101
0101010101010101
0101010101010101
0101010101010101
0101010101010101
0101010101010101
0101010101010101
0101010101010101
0101010101010101
0101010101010101
0101010101010101
0101010101010101
0101010101010101
0101010101010101
0101010101010101
0101010101010101
0101010101010101
0101010101010101
0101010101010101
0101010101010101
0101010101010101
0101010101010101
0101010101010101
0101010101010101
0101010101010101
0101010101010101
0101010101010101
0101010101010101
0101010101010101
0101010101010101
0101010101010101
0101010101010101
0101010101010101
0101010101010101
0101010101010101
0101010101010101
0101010101010101
0101010101010101
0101010101010101
0101010101010101
0101010101010101
0101010101010101
0101010101010101
0101010101010101
0101010101010101
0101010101010101
0101010101010101
0101010101010101
0101010101010101
0101010101010101
0101010101010101
0101010101010101
0101010101010101
0101010101010101
0101010101010101
0101010101010101
0101010101010101
0101010101010101
0101010101010101
0101010101010101
0101010101010101