0101111110001100
0110101000101000
0110101000101000
0110101000101000
0101111110001100
0101010011110000
0101011110010111
0101111110001100
0110101000101000
0101111110001100
0101010011110000
0101111110001100
0110101000101000
0110000110101011
0110001010111011
0110010011011010
0101011110010111
0101111110001100
0110101000101000
0101111110001100
0101010011110000
0101111110001100
0110101000101000
0101111110001100
0101010011110000
0101011110010111
0101111110001100
0110101000101000
0101111110001100
0101010011110000
0101111110001100
0110101000101000
0101111110001100
0011111110111000
0100101001010100
0101011110010111
0101110101101101
0110100000001001
0110101000101000
0110100000001001
0110100000001001
0101111110001100
0101010011110000
0101011110010111
0101111110001100
0110101000101000
0101111110001100
0101010011110000
0101111110001100
0110101000101000
0101111110001100
0101101000111110
0110010011011010
0110101000101000
0101101000111110
0101011110010111
0110001111001011
0111111101100000
0111011011100011
0111010011000100
0111010011000100
0111000110010101
0101100100101110
0101010011110000
0101011110010111
0101111110001100
0110101000101000
0101101000111110
0101010011110000
0101101101001110
0110101000101000
0101100000011111
0101011110010111
0110111101110110
0111111101100000
0101111110001100
0101010011110000
0101011110010111
0101111110001100
0110101000101000
0101111110001100
0101010011110000
0101111110001100
0110101000101000
0101111110001100
0101101000111110
0110010011011010
0110101000101000
0101101000111110
0101011110010111
0110001111001011
0111111101100000
0111011011100011
0111010011000100
0111010011000100
0111000110010101
0101100100101110
0101010011110000
0101011110010111
0101111110001100
0110101000101000
0101111110001100
0101010011110000
0101011110010111
0101111110001100
0110101000101000
0101111110001100
0101010011110000
0101111110001100
0110101000101000
0110000110101011
0110001010111011
0110010011011010
0101011110010111
0101111110001100
0110101000101000
0101111110001100
0101010011110000
0101111110001100
0110101000101000
0101111110001100
0101010011110000
0101011110010111
0101111110001100
0110101000101000
0110101000101000
0110000110101011
0101100100101110
0101010011110000
0101011100001111
0101010011110000
0101010011110000
0101011110010111
0101010011110000
0101001001001001
0101001001001001
0101001001001001
0101001001001001
0100111110100010
0010101010000000
0000010101011101
0000101010101011
0001010101000111
0001010101000111
0000110011001011
0000010001001110
0000000000001111
0000001000101110
0000000000001111
0000000000001111
0000001010110110
0000101010101011
0001010101000111
0000101010101011
0000000000001111
0000101010101011
0001010101000111
0000101010101011
1110101011010111
1111010101110011
0000001010110110
0001101010010101
0010101010000000
0000101010101011
0000000000001111
0000001010110110
0001010101000111
0000000000001111
0001001100101000
0001010101000111
0001001100101000
0001000100001001
0000001000101110
0000001010110110
0000101010101011
0001010101000111
0000101010101011
0000000000001111
0000101010101011
0001010101000111
0000101010101011
0000010101011101
0000111111111001
0001010101000111
0000010101011101
0000001010110110
0000101010101011
0001010101000111
0000101010101011
0000000000001111
0000001010110110
0000101010101011
0001010101000111
0000101010101011
0000000000001111
0000101010101011
0001010101000111
0000101010101011
0000000000001111
0000001010110110
0000001010110110
0000001010110110
0000101010101011
0001010101000111
0000101010101011
0000000000001111
0000001010110110
0000100010001100
0000101010101011
0000111111111001
0001010101000111
0000101010101011
0000000000001111
0000001010110110
0000100010001100
0001001100101000
0001010101000111
0001001100101000
0001001100101000
0000101010101011
0000000000001111
0000001010110110
0000101010101011
0001010101000111
0000101010101011
0000000000001111
0000001010110110
0000000000001111
1111110101101000
1111110101101000
1111110101101000
1111110101101000
1111101011000001
1101010110011111
1011000001111101
1100010110110101
1101010110011111
1011010111001011
1010101100101111
1010110111010110
1011010111001011
1100000001100111
1011010111001011
1010101100101111
1011010111001011
1100000001100111
1011010111001011
1011000001111101
1011101100011001
1100000001100111
1011000001111101
1010110111010110
1011010111001011
1100000001100111
1011000001111101
1010101100101111
1011000110001100
1100000001100111
1010111001011101
1010110111010110
1011001110101011
1011111001000111
1100000001100111
1011111001000111
1011111001000111
1011010111001011
1010101100101111
1010110111010110
1011001110101011
1011010111001011
1011101100011001
1100000001100111
1011010111001011
1010101100101111
1010110111010110
1011010111001011
1100000001100111
1011010111001011
1010101100101111
1011010111001011
1100000001100111
1011010111001011
1010101100101111
1010110111010110
1011101000001001
1101010110011111
1100110100100010
1100101100000011
1100101100000011
1100011111010100
1010111101101101
1010101100101111
1010110111010110
1010110111010110
1010110111010110
1011010111001011
1100000001100111
1011010111001011
1010101100101111
1011001110101011
1011101100011001
1100000001100111
1010000010010010
1001010111110110
1010101100101111
1010101100101111
1010110111010110
1100000001100111
1101010110011111
1011010111001011
1001010111110110
1010000010010010
1011000001111101
1010110111010110
1010110111010110
1010110111010110
1011001110101011
1011010111001011
1011101100011001
1100000001100111
1011010111001011
1010101100101111
1010110111010110
1100000001100111
1101010110011111
1011010111001011
1001010111110110
1010000010010010
1011000001111101
1010110111010110
1010110111010110
1010110111010110
1100000001100111
1101010110011111
1011010111001011
1001010111110110
1010000010010010
1011000001111101
1010110111010110
1010110111010110
1010110111010110
1011001110101011
1011010111001011
1011101100011001
1100000001100111
1011010111001011
1010101100101111
1010110111010110
1011001110101011
1011111001000111
1100000001100111
1011111001000111
1011111001000111
1011010111001011
1010101100101111
1010110111010110
1100010110110101
1101010110011111
1011010111001011
1010101100101111
1010110111010110
1011001110101011
1011010111001011
1011101100011001
1100000001100111
1011010111001011
1010101100101111
1010110111010110
1010101100101111
1010100010000111
1010100010000111
1010100010000111
1010100010000111
1010010111100000
1101010110011111
0000010101011101
1010101010101010
1010101010101010
1010101010101010
1010101010101010
1010101010101010
1010101010101010
1010101010101010
1010101010101010
1010101010101010
1010101010101010
1010101010101010
1010101010101010
1010101010101010
1010101010101010
1010101010101010
1010101010101010
1010101010101010
1010101010101010
1010101010101010
1010101010101010
1010101010101010
1010101010101010
1010101010101010
1010101010101010
1010101010101010
1010101010101010
1010101010101010
1010101010101010
1010101010101010
1010101010101010
1010101010101010
1010101010101010
1010101010101010
1010101010101010
1010101010101010
1010101010101010
1010101010101010
1010101010101010
1010101010101010
1010101010101010
1010101010101010
1010101010101010
1010101010101010
1010101010101010
1010101010101010
1010101010101010
1010101010101010
1010101010101010
1010101010101010
1010101010101010
1010101010101010
1010101010101010
1010101010101010
1010101010101010
1010101010101010
1010101010101010
1010101010101010
1010101010101010
1010101010101010
1010101010101010
1010101010101010
1010101010101010
1010101010101010
1010101010101010
1010101010101010
1010101010101010
1010101010101010
1010101010101010
1010101010101010
1010101010101010
1010101010101010
1010101010101010
1010101010101010
1010101010101010
1010101010101010
1010101010101010
1010101010101010
1010101010101010
1010101010101010
1010101010101010
1010101010101010
1010101010101010
1010101010101010
1010101010101010
1010101010101010
1010101010101010
1010101010101010
1010101010101010
1010101010101010
1010101010101010
1010101010101010
1010101010101010
1010101010101010
1010101010101010
1010101010101010
1010101010101010
1010101010101010
1010101010101010
1010101010101010
1010101010101010
1010101010101010
1010101010101010
1010101010101010
1010101010101010
1010101010101010
1010101010101010
1010101010101010
1010101010101010
1010101010101010
1010101010101010
1010101010101010
1010101010101010
1010101010101010
1010101010101010
1010101010101010
1010101010101010
1010101010101010
1010101010101010
1010101010101010
1010101010101010
1010101010101010
1010101010101010
1010101010101010
1010101010101010
1010101010101010
1010101010101010
1010101010101010
1010101010101010
1010101010101010
1010101010101010
1010101010101010
1010101010101010
1010101010101010
1010101010101010
1010101010101010
1010101010101010