1001001100111100
1001101110000100
1010000100001010
1001101110000100
1001001100111100
1001010111111111
1001110110010110
1010000100001010
1010100101010010
1010110000010100
1010001111001100
1010000100001010
1010100101010010
1010110000010100
1010100001111110
1010110001011011
1010101101100100
1010111011010111
1011010001011100
1011010001011100
1011000110011010
1011010001011100
1011100111100010
1011100111100010
1011011100011111
1011100100110001
1011110010100100
1100010011101100
1100011110101111
1011111101100111
1011110010100100
1100010011101100
1100011110101111
1011111001001100
1011110010100100
1100011011111110
1100101001110001
1100111011011100
1100111001001111
1100111011011100
1101010101111100
1101001101000111
1101000010000100
1101010011001011
1101100000111111
1110000010000111
1110001101001001
1101101100000001
1101100000111111
1110000010000111
1110001101001001
1110000101011011
1110010010101011
1110011000001100
1110000111101000
1110001010011001
1110110010101100
1111001111011001
1111000110100100
1110110111000111
1111010001100111
1111000011010000
1110101100000100
1110110100111001
1111000001100110
1111001111011001
1111011010011100
1111001001111000
1111011010011100
1111110010101110
0000000010001100
1111101111011010
1111111000110011
0000111000010010
0000111000010010
0000010110000100
0000011100101100
0000110000000000
0000111101110100
0001011110111100
0001101001111110
0001001000110110
0000111101110100
0001011110111100
0001101001111110
0001100010010000
0001101111100000
0001110101000001
0001100100011101
0001100111001110
0010001111100001
0010101100001110
0010100011011001
0010010011111100
0010101110011100
0010100000000101
0010001000111001
0010010001101110
0010011110011011
0010111101111001
0011001101010110
0011000010010011
0011000010010011
0011010101101000
0011100011011011
0100000100100011
0100001111100110
0011101110011110
0011100011011011
0100000100100011
0100001111100110
0100000001001111
0100010000101101
0100001100110101
0100011010101001
0100110000101110
0100110000101110
0100100101101011
0100110000101110
0101000110110011
0101000110110011
0100111011110001
0101000100000011
0101100011100001
0110000100101001
0110000100101001
0110000000001110
0101110111011001
0101100101101110
0101100111111011
0101101110100011
0101110010111110
0101111011010000
0110001001111110
0110001001111110
0100110101111110
0011100001111101
1011101001111011
1001001010010011
1001000001111010
1001000001111010
1001100111011100
1010000100001010
1001111011010100
1001101011110111
1010000110010111
1001111000000000
1001100000110100
1001101001101010
1001110110010110
1010000100001010
1010100101010010
1010110000010100
1010001111001100
1010000100001010
1010100101010010
1010110000010100
1010100001111110
1010110001011011
1010101101100100
1010111011010111
1011011100011111
1011100111100010
1011000110011010
1010111011010111
1011011100011111
1011100111100010
1011011111110011
1011101101000011
1100001000101001
1011100010000000
1011100100110001
1011110010100100
1100010011101100
1100011110101111
1011111101100111
1011110010100100
1100010011101100
1100011110101111
1100010000011000
1100011111110101
1100011011111110
1100101001110001
1100111011011100
1100111001001111
1100111011011100
1101010101111100
1101001101000111
1101000010000100
1101010011001011
1101101110110010
1110001010011001
1110101001110111
1111001010111111
1111001010111111
1111000110100100
1110111101101111
1110101100000100
1110101110010001
1110110100111001
1110111001010100
1111000001100110
1111001111011001
1111110000100001
1111111011100100
1111011010011100
1111001111011001
1111110000100001
1111111011100100
1111110011110101
0000000001000101
0000000110100110
1111110110000010
1111111000110011
0000000110100110
0000011000010001
0000010101001011
0000001010001001
0000010101001011
0000100111101110
0000100011110000
0000011000101101
0000100011110000
0000110111001100
0000110010110001
0000100111101110
0000110000000000
0000111101110100
0001011110111100
0001101001111110
0001001000110110
0000111101110100
0001011110111100
0001101001111110
0001100010010000
0001101111100000
0001110101000001
0001100100011101
0001100111001110
0001110101000001
0010000110101100
0010000100011110
0010000110101100
0010100001001100
0010011000010110
0010001101010100
0010011110011011
0010101100001110
0011001101010110
0011011000011001
0010110111010001
0010101100001110
0011001101010110
0011011000011001
0011010000101010
0011011101111010
0011111001100001
0011010010110111
0011010101101000
0011100011011011
0100000100100011
0100001111100110
0011111001100001
0011110000101011
0011111101111011
0011111111000010
0011101010000011
0011100011011011
0100001100110101
0100101100010011
0100111011110001
0100110000101110
0100110000101110
0101000100000011
0101100011100001
0110000100101001
0110000100101001
0110000000001110
0101110111011001
0101100101101110
0101100111111011
0101101110100011
0101110010111110
0101111011010000
0110100001010110
0110110000110011
0110101111101100
0110001001000011
0101111110000001
0110001001000011
0110101010001011
0110111010101111
0110100100101010
0110101010001011
0110101100011000
0110101010001011
0110110010011101
0111010001111011
0111100001011000
0111010110010110
0111010110010110
0111101001101010
0111111000011001
0111111000011001
0110011001010101
0100111010010010
1100000000000000
1001001011011010
1001000001111010
1001000001111010
1001001100111100
1001101110000100
1010000100001010
1001101110000100
1001001100111100
1001010111111111
1001110110010110
1010000100001010
1010100101010010
1010110000010100
1010001111001100
1010000100001010
1010100101010010
1010110000010100
1010100001111110
1010110001011011
1010101101100100
1010111011010111
1011001101000010
1011001010110100
1011001101000010
1011100111100010
1011011110101100
1011010011101010
1011100100110001
1011110000010111
1100001000101001
1100100100010000
1100010011101100
1011110010100100
1011111101100111
1100011011111110
1100101001110001
1100111111110111
1100111111110111
1100110100110100
1100111111110111
1101010101111100
1101010101111100
1101001010111001
1101010011001011
1101111011011111
1110011000001100
1110001111010111
1101111111111001
1110011010011001
1110001100000011
1101110100110111
1101111101101100
1110001010011001
1110101001110111
1110111001010100
1110101110010001
1110101110010001
1111000001100110
1111001111011001
1111100101011110
1111100101011110
1111011010011100
1111100101011110
1111111011100100
1111111011100100
1111110000100001
1111111000110011
0000010100011010
0000110000000000
0000111101110100
0001011110111100
0001101001111110
0001010011111001
0001001011000100
0001011000010100
0001011001011010
0001000100011100
0000111101110100
0001100111001110
0001110101000001
0010000000000100
0001101111100000
0010000000000100
0010011000010110
0010100111110100
0010010101000010
0010011110011011
0011001000111011
0011010010110111
0010101100001110
0010110111010001
0011011000011001
0011001101010110
0010100110101101
0010110111010001
0011010101101000
0011100001001110
0011111001100001
0100010101000111
0100000100100011
0011100011011011
0011101110011110
0100001100110101
0100011010101001
0100101100010011
0100101010000110
0100101100010011
0101000110110011
0100111101111110
0100110010111011
0101000100000011
0101010010110001
0101010010110001
0100000100010010
0010110101110011
1011011110111000
1001001001110000
1001000001111010
1001000001111010
0101010101010101
0101010101010101
0101010101010101
0101010101010101
0101010101010101
0101010101010101
0101010101010101
0101010101010101
0101010101010101
0101010101010101
0101010101010101
0101010101010101
0101010101010101
0101010101010101
0101010101010101
0101010101010101
0101010101010101
0101010101010101
0101010101010101
0101010101010101
0101010101010101
0101010101010101
0101010101010101
0101010101010101
0101010101010101
0101010101010101
0101010101010101
0101010101010101
0101010101010101
0101010101010101
0101010101010101
0101010101010101
0101010101010101
0101010101010101
0101010101010101
0101010101010101
0101010101010101
0101010101010101
0101010101010101
0101010101010101
0101010101010101
0101010101010101
0101010101010101
0101010101010101
0101010101010101
0101010101010101
0101010101010101
0101010101010101
0101010101010101
0101010101010101
0101010101010101
0101010101010101
0101010101010101
0101010101010101
0101010101010101
0101010101010101
0101010101010101
0101010101010101
0101010101010101
0101010101010101
0101010101010101
0101010101010101
0101010101010101
0101010101010101
0101010101010101
0101010101010101
0101010101010101
0101010101010101
0101010101010101
0101010101010101
0101010101010101
0101010101010101
0101010101010101
0101010101010101
0101010101010101
0101010101010101
0101010101010101
0101010101010101
0101010101010101
0101010101010101
0101010101010101
0101010101010101
0101010101010101
0101010101010101
0101010101010101
0101010101010101