0101111101110110
0110101000011001
0110101000011001
0110101000011001
0101111101110110
0101010011010011
0101011101111100
0101111101110110
0110101000011001
0101111101110110
0101010011010011
0101111101110110
0110101000011001
0110000110010111
0110001010100111
0110010011001000
0101011101111100
0101111101110110
0110101000011001
0101111101110110
0101010011010011
0101111101110110
0110101000011001
0101111101110110
0101010011010011
0101011101111100
0101111101110110
0110101000011001
0101111101110110
0101010011010011
0101111101110110
0110101000011001
0101111101110110
0011111110001101
0100101000110000
0101011101111100
0101110101010110
0110011111111001
0110101000011001
0110011111111001
0110011111111001
0101111101110110
0101010011010011
0101011101111100
0101111101110110
0110101000011001
0101111101110110
0101010011010011
0101111101110110
0110101000011001
0101111101110110
0101101000100101
0110010011001000
0110101000011001
0101101000100101
0101011101111100
0110001110111000
0111111101100000
0111011011011101
0111010010111101
0111010010111101
0111000110001100
0101100100010100
0101010011010011
0101011101111100
0101111101110110
0110101000011001
0101101000100101
0101010011010011
0101101100110101
0110101000011001
0101100000000100
0101011101111100
0110111101101011
0111111101100000
0101111101110110
0101010011010011
0101011101111100
0101111101110110
0110101000011001
0101111101110110
0101010011010011
0101111101110110
0110101000011001
0101111101110110
0101101000100101
0110010011001000
0110101000011001
0101101000100101
0101011101111100
0110001110111000
0111111101100000
0111011011011101
0111010010111101
0111010010111101
0111000110001100
0101100100010100
0101010011010011
0101011101111100
0101111101110110
0110101000011001
0101111101110110
0101010011010011
0101011101111100
0101111101110110
0110101000011001
0101111101110110
0101010011010011
0101111101110110
0110101000011001
0110000110010111
0110001010100111
0110010011001000
0101011101111100
0101111101110110
0110101000011001
0101111101110110
0101010011010011
0101111101110110
0110101000011001
0101111101110110
0101010011010011
0101011101111100
0101111101110110
0110101000011001
0110101000011001
0110000110010111
0101100100010100
0101010011010011
0101011011110100
0101010011010011
0101010011010011
0101011101111100
0101010011010011
0101001000101010
0101001000101010
0101001000101010
0101001000101010
0100111110000001
0010101001000110
0000010100001011
0000111010011110
0010101001000110
0010000111000100
0001111110100011
0001111110100011
0001110001110010
0000001111111011
1111111110111001
0000001001100010
0000101001011100
0001010100000000
0000101001011100
1111111110111001
0000101001011100
0001010100000000
0000110001111101
0000110110001101
0000111110101110
0000001001100010
0000101001011100
0001010100000000
0000101001011100
1111111110111001
0000101001011100
0001010100000000
0000101001011100
0000010100001011
0000111110101110
0010101001000110
0000010100001011
0000001001100010
0000101001011100
0001010100000000
0000101001011100
1111111110111001
0000101001011100
0001010100000000
0000110001111101
0000110110001101
0000111110101110
0000001001100010
0000100000111100
0001001011011111
0001010100000000
0001001011011111
0001001011011111
0000101001011100
1111111110111001
0000001001100010
0000001001100010
0000001001100010
0000101001011100
0001010100000000
0001010100000000
0000110001111101
0000001111111011
1111111110111001
0000000111011010
1111111110111001
1111111110111001
0000001001100010
0000101001011100
0001010100000000
0000101001011100
1111111110111001
0000101001011100
0001010100000000
0000101001011100
0000010100001011
0000111110101110
0001010100000000
0000010100001011
0000001001100010
0000101001011100
0001010100000000
0000101001011100
1111111110111001
0000101001011100
0001010100000000
0000101001011100
1111111110111001
0000101001011100
0001010100000000
0000101001011100
1111111110111001
0000001001100010
0000101001011100
0001010100000000
0000101001011100
1111111110111001
0000101001011100
0001010100000000
0000101001011100
0000010100001011
0000111110101110
0001010100000000
0000010100001011
0000001001100010
0000100000111100
0001001011011111
0001010100000000
0001001011011111
0001001011011111
0000101001011100
1111111110111001
0000001001100010
0000101001011100
0001010100000000
0000101001011100
1111111110111001
0000101001011100
0001010100000000
0000101001011100
0000010100001011
0000111110101110
0010101001000110
0000010100001011
0000001001100010
0000101001011100
0001010100000000
0000101001011100
1111111110111001
0000000111011010
0000001111111011
1111101001101000
1110101001110011
1111010100010110
0000001001100010
0000101001011100
0001010100000000
0000101001011100
1111111110111001
0000001001100010
0000101001011100
0001010100000000
0001010100000000
0000110001111101
0000001111111011
1111111110111001
0000000111011010
1111111110111001
1111111110111001
0000001001100010
0001010100000000
0001111110100011
0010101001000110
0000101001011100
1111111110111001
0000101001011100
0001010100000000
0000111110101110
0000010100001011
0000101001011100
0000011000011011
1111111110111001
0000001001100010
0000101001011100
0001010100000000
0000101001011100
1111111110111001
0000001001100010
1111111110111001
1111110100010000
1111110100010000
1111110100010000
1111110100010000
1111101001101000
1101010100101100
1010111111110001
1011010101000011
1011111111100110
1011111111100110
1011111111100110
1011010101000011
1010101010011111
1010110101001000
1011010101000011
1011111111100110
1011010101000011
1010101010011111
1011010101000011
1011111111100110
1011011101100011
1011100001110100
1011101010010100
1010110101001000
1011001100100010
1011110111000101
1011111111100110
1011110111000101
1011110111000101
1011010101000011
1010101010011111
1010110101001000
1011001100100010
1011010101000011
1011101010010100
1011111111100110
1011010101000011
1010101010011111
1010110101001000
1011010101000011
1011111111100110
1011010101000011
1010101010011111
1011010101000011
1011111111100110
1011010101000011
1010101010011111
1010110101001000
1011100110000100
1101010100101100
1100110010101010
1100101010001001
1100101010001001
1100011101011000
1010111011100001
1010101010011111
1010110101001000
1011010101000011
1011111111100110
1011010101000011
1010101010011111
1010110101001000
1011010101000011
1011111111100110
1011010101000011
1010101010011111
1011010101000011
1011111111100110
1011010101000011
1010101010011111
1010110101001000
1010110101001000
1010110101001000
1011010101000011
1011111111100110
1011010101000011
1010101010011111
1010110011000000
1010111011100001
1010010101001110
1001010101011001
1001111111111100
1010110101001000
1011010101000011
1011111111100110
1010111111110001
1010101010011111
1011000100000001
1011111111100110
1010110111010000
1010110101001000
1011111111100110
1101010100101100
1011010101000011
1010101010011111
1011010101000011
1011111111100110
1010111111110001
1010101010011111
1010110101001000
1011001100100010
1011010101000011
1011101010010100
1011111111100110
1011010101000011
1010101010011111
1010110101001000
1011001100100010
1011110111000101
1011111111100110
1011110111000101
1011110111000101
1011010101000011
1010101010011111
1010110101001000
1010101010011111
1010011111110111
1010011111110111
1010011111110111
1010011111110111
1010010101001110
1101010100101100
0000010100001011
1010101010101010
1010101010101010
1010101010101010
1010101010101010
1010101010101010
1010101010101010
1010101010101010
1010101010101010
1010101010101010
1010101010101010
1010101010101010
1010101010101010
1010101010101010
1010101010101010
1010101010101010
1010101010101010
1010101010101010
1010101010101010
1010101010101010
1010101010101010
1010101010101010
1010101010101010
1010101010101010
1010101010101010
1010101010101010
1010101010101010
1010101010101010
1010101010101010
1010101010101010
1010101010101010
1010101010101010
1010101010101010
1010101010101010
1010101010101010
1010101010101010
1010101010101010
1010101010101010
1010101010101010
1010101010101010
1010101010101010
1010101010101010
1010101010101010
1010101010101010
1010101010101010
1010101010101010
1010101010101010
1010101010101010
1010101010101010
1010101010101010
1010101010101010
1010101010101010
1010101010101010
1010101010101010
1010101010101010
1010101010101010
1010101010101010
1010101010101010
1010101010101010
1010101010101010
1010101010101010
1010101010101010
1010101010101010
1010101010101010
1010101010101010
1010101010101010
1010101010101010
1010101010101010
1010101010101010
1010101010101010
1010101010101010
1010101010101010
1010101010101010
1010101010101010
1010101010101010
1010101010101010
1010101010101010
1010101010101010
1010101010101010
1010101010101010
1010101010101010
1010101010101010
1010101010101010
1010101010101010
1010101010101010
1010101010101010
1010101010101010